"","Year","X","Country","Month","ISO3","Temperature....Celsius.","Rainfall....MM.","ATemperature","AMaxTemperature","AMinTemperature","TotalPrecipitation","AWindSpeed","RainDays","SnowDays","StormDays","FoggyDays","TornadoDays","HailDays"
"1",1901,1,"Luxembourg","Jan","LUX",-1.46,54.1053,NA,NA,NA,NA,NA,NA,NA,NA,NA,NA,NA
"2",1901,2,"Luxembourg","Feb","LUX",-2.8729,36.9644,NA,NA,NA,NA,NA,NA,NA,NA,NA,NA,NA
"3",1901,3,"Luxembourg","Mar","LUX",2.82844,74.0909,NA,NA,NA,NA,NA,NA,NA,NA,NA,NA,NA
"4",1901,4,"Luxembourg","Apr","LUX",8.78187,80.9687,NA,NA,NA,NA,NA,NA,NA,NA,NA,NA,NA
"5",1901,5,"Luxembourg","May","LUX",12.1174,43.569,NA,NA,NA,NA,NA,NA,NA,NA,NA,NA,NA
"6",1901,6,"Luxembourg","Jun","LUX",15.7413,63.0678,NA,NA,NA,NA,NA,NA,NA,NA,NA,NA,NA
"7",1901,7,"Luxembourg","Jul","LUX",18.6049,46.8778,NA,NA,NA,NA,NA,NA,NA,NA,NA,NA,NA
"8",1901,8,"Luxembourg","Aug","LUX",16.7779,79.2399,NA,NA,NA,NA,NA,NA,NA,NA,NA,NA,NA
"9",1901,9,"Luxembourg","Sep","LUX",13.91,112.494,NA,NA,NA,NA,NA,NA,NA,NA,NA,NA,NA
"10",1901,10,"Luxembourg","Oct","LUX",9.28933,102.27,NA,NA,NA,NA,NA,NA,NA,NA,NA,NA,NA
"11",1901,11,"Luxembourg","Nov","LUX",2.93712,43.3572,NA,NA,NA,NA,NA,NA,NA,NA,NA,NA,NA
"12",1901,12,"Luxembourg","Dec","LUX",1.44447,88.4037,NA,NA,NA,NA,NA,NA,NA,NA,NA,NA,NA
"13",1902,13,"Luxembourg","Jan","LUX",2.56924,58.8552,NA,NA,NA,NA,NA,NA,NA,NA,NA,NA,NA
"14",1902,14,"Luxembourg","Feb","LUX",-0.309,48.2912,NA,NA,NA,NA,NA,NA,NA,NA,NA,NA,NA
"15",1902,15,"Luxembourg","Mar","LUX",5.1116,57.6311,NA,NA,NA,NA,NA,NA,NA,NA,NA,NA,NA
"16",1902,16,"Luxembourg","Apr","LUX",8.93777,49.4535,NA,NA,NA,NA,NA,NA,NA,NA,NA,NA,NA
"17",1902,17,"Luxembourg","May","LUX",8.75589,93.6093,NA,NA,NA,NA,NA,NA,NA,NA,NA,NA,NA
"18",1902,18,"Luxembourg","Jun","LUX",15.0281,73.0817,NA,NA,NA,NA,NA,NA,NA,NA,NA,NA,NA
"19",1902,19,"Luxembourg","Jul","LUX",16.3654,56.7365,NA,NA,NA,NA,NA,NA,NA,NA,NA,NA,NA
"20",1902,20,"Luxembourg","Aug","LUX",15.3398,99.0971,NA,NA,NA,NA,NA,NA,NA,NA,NA,NA,NA
"21",1902,21,"Luxembourg","Sep","LUX",12.962,78.833,NA,NA,NA,NA,NA,NA,NA,NA,NA,NA,NA
"22",1902,22,"Luxembourg","Oct","LUX",7.79798,62.1889,NA,NA,NA,NA,NA,NA,NA,NA,NA,NA,NA
"23",1902,23,"Luxembourg","Nov","LUX",2.95968,40.8473,NA,NA,NA,NA,NA,NA,NA,NA,NA,NA,NA
"24",1902,24,"Luxembourg","Dec","LUX",-0.4045,107.663,NA,NA,NA,NA,NA,NA,NA,NA,NA,NA,NA
"25",1903,25,"Luxembourg","Jan","LUX",1.15732,82.2218,NA,NA,NA,NA,NA,NA,NA,NA,NA,NA,NA
"26",1903,26,"Luxembourg","Feb","LUX",4.16074,42.7646,NA,NA,NA,NA,NA,NA,NA,NA,NA,NA,NA
"27",1903,27,"Luxembourg","Mar","LUX",6.51442,82.8696,NA,NA,NA,NA,NA,NA,NA,NA,NA,NA,NA
"28",1903,28,"Luxembourg","Apr","LUX",4.92047,126.018,NA,NA,NA,NA,NA,NA,NA,NA,NA,NA,NA
"29",1903,29,"Luxembourg","May","LUX",12.5712,54.7209,NA,NA,NA,NA,NA,NA,NA,NA,NA,NA,NA
"30",1903,30,"Luxembourg","Jun","LUX",14.4,59.5818,NA,NA,NA,NA,NA,NA,NA,NA,NA,NA,NA
"31",1903,31,"Luxembourg","Jul","LUX",16.1399,99.1117,NA,NA,NA,NA,NA,NA,NA,NA,NA,NA,NA
"32",1903,32,"Luxembourg","Aug","LUX",15.6699,106.497,NA,NA,NA,NA,NA,NA,NA,NA,NA,NA,NA
"33",1903,33,"Luxembourg","Sep","LUX",14.0999,76.3196,NA,NA,NA,NA,NA,NA,NA,NA,NA,NA,NA
"34",1903,34,"Luxembourg","Oct","LUX",10.3612,134.72,NA,NA,NA,NA,NA,NA,NA,NA,NA,NA,NA
"35",1903,35,"Luxembourg","Nov","LUX",4.60555,92.2495,NA,NA,NA,NA,NA,NA,NA,NA,NA,NA,NA
"36",1903,36,"Luxembourg","Dec","LUX",-0.3558,32.5357,NA,NA,NA,NA,NA,NA,NA,NA,NA,NA,NA
"37",1904,37,"Luxembourg","Jan","LUX",-0.8879,65.868,NA,NA,NA,NA,NA,NA,NA,NA,NA,NA,NA
"38",1904,38,"Luxembourg","Feb","LUX",2.04165,107.759,NA,NA,NA,NA,NA,NA,NA,NA,NA,NA,NA
"39",1904,39,"Luxembourg","Mar","LUX",3.55065,69.2556,NA,NA,NA,NA,NA,NA,NA,NA,NA,NA,NA
"40",1904,40,"Luxembourg","Apr","LUX",9.32507,32.229,NA,NA,NA,NA,NA,NA,NA,NA,NA,NA,NA
"41",1904,41,"Luxembourg","May","LUX",12.6914,65.0236,NA,NA,NA,NA,NA,NA,NA,NA,NA,NA,NA
"42",1904,42,"Luxembourg","Jun","LUX",15.1748,57.4506,NA,NA,NA,NA,NA,NA,NA,NA,NA,NA,NA
"43",1904,43,"Luxembourg","Jul","LUX",19.138,49.1884,NA,NA,NA,NA,NA,NA,NA,NA,NA,NA,NA
"44",1904,44,"Luxembourg","Aug","LUX",16.8418,50.8751,NA,NA,NA,NA,NA,NA,NA,NA,NA,NA,NA
"45",1904,45,"Luxembourg","Sep","LUX",12.0605,52.4935,NA,NA,NA,NA,NA,NA,NA,NA,NA,NA,NA
"46",1904,46,"Luxembourg","Oct","LUX",8.99443,61.2769,NA,NA,NA,NA,NA,NA,NA,NA,NA,NA,NA
"47",1904,47,"Luxembourg","Nov","LUX",3.4355,76.5046,NA,NA,NA,NA,NA,NA,NA,NA,NA,NA,NA
"48",1904,48,"Luxembourg","Dec","LUX",2.85949,93.5957,NA,NA,NA,NA,NA,NA,NA,NA,NA,NA,NA
"49",1905,49,"Luxembourg","Jan","LUX",-1.0983,60.379,NA,NA,NA,NA,NA,NA,NA,NA,NA,NA,NA
"50",1905,50,"Luxembourg","Feb","LUX",2.17771,39.518,NA,NA,NA,NA,NA,NA,NA,NA,NA,NA,NA
"51",1905,51,"Luxembourg","Mar","LUX",5.76152,105.336,NA,NA,NA,NA,NA,NA,NA,NA,NA,NA,NA
"52",1905,52,"Luxembourg","Apr","LUX",6.9666,50.6439,NA,NA,NA,NA,NA,NA,NA,NA,NA,NA,NA
"53",1905,53,"Luxembourg","May","LUX",11.609,46.667,NA,NA,NA,NA,NA,NA,NA,NA,NA,NA,NA
"54",1905,54,"Luxembourg","Jun","LUX",16.7373,108.907,NA,NA,NA,NA,NA,NA,NA,NA,NA,NA,NA
"55",1905,55,"Luxembourg","Jul","LUX",18.6868,82.8152,NA,NA,NA,NA,NA,NA,NA,NA,NA,NA,NA
"56",1905,56,"Luxembourg","Aug","LUX",16.4378,85.622,NA,NA,NA,NA,NA,NA,NA,NA,NA,NA,NA
"57",1905,57,"Luxembourg","Sep","LUX",12.969,93.6834,NA,NA,NA,NA,NA,NA,NA,NA,NA,NA,NA
"58",1905,58,"Luxembourg","Oct","LUX",5.51635,89.9337,NA,NA,NA,NA,NA,NA,NA,NA,NA,NA,NA
"59",1905,59,"Luxembourg","Nov","LUX",3.23397,97.1525,NA,NA,NA,NA,NA,NA,NA,NA,NA,NA,NA
"60",1905,60,"Luxembourg","Dec","LUX",1.34771,36.3662,NA,NA,NA,NA,NA,NA,NA,NA,NA,NA,NA
"61",1906,61,"Luxembourg","Jan","LUX",1.56369,123.999,NA,NA,NA,NA,NA,NA,NA,NA,NA,NA,NA
"62",1906,62,"Luxembourg","Feb","LUX",0.72594,72.2918,NA,NA,NA,NA,NA,NA,NA,NA,NA,NA,NA
"63",1906,63,"Luxembourg","Mar","LUX",3.7615,94.7812,NA,NA,NA,NA,NA,NA,NA,NA,NA,NA,NA
"64",1906,64,"Luxembourg","Apr","LUX",7.72907,42.2745,NA,NA,NA,NA,NA,NA,NA,NA,NA,NA,NA
"65",1906,65,"Luxembourg","May","LUX",12.5795,95.531,NA,NA,NA,NA,NA,NA,NA,NA,NA,NA,NA
"66",1906,66,"Luxembourg","Jun","LUX",14.5247,59.6124,NA,NA,NA,NA,NA,NA,NA,NA,NA,NA,NA
"67",1906,67,"Luxembourg","Jul","LUX",16.8188,67.8635,NA,NA,NA,NA,NA,NA,NA,NA,NA,NA,NA
"68",1906,68,"Luxembourg","Aug","LUX",17.0846,73.8879,NA,NA,NA,NA,NA,NA,NA,NA,NA,NA,NA
"69",1906,69,"Luxembourg","Sep","LUX",13.7491,31.1752,NA,NA,NA,NA,NA,NA,NA,NA,NA,NA,NA
"70",1906,70,"Luxembourg","Oct","LUX",11.34,65.6522,NA,NA,NA,NA,NA,NA,NA,NA,NA,NA,NA
"71",1906,71,"Luxembourg","Nov","LUX",5.98552,101.766,NA,NA,NA,NA,NA,NA,NA,NA,NA,NA,NA
"72",1906,72,"Luxembourg","Dec","LUX",-0.224,75.6748,NA,NA,NA,NA,NA,NA,NA,NA,NA,NA,NA
"73",1907,73,"Luxembourg","Jan","LUX",0.25913,51.6171,NA,NA,NA,NA,NA,NA,NA,NA,NA,NA,NA
"74",1907,74,"Luxembourg","Feb","LUX",-0.6119,36.9911,NA,NA,NA,NA,NA,NA,NA,NA,NA,NA,NA
"75",1907,75,"Luxembourg","Mar","LUX",4.47649,58.4234,NA,NA,NA,NA,NA,NA,NA,NA,NA,NA,NA
"76",1907,76,"Luxembourg","Apr","LUX",7.37009,62.6543,NA,NA,NA,NA,NA,NA,NA,NA,NA,NA,NA
"77",1907,77,"Luxembourg","May","LUX",12.6833,72.2296,NA,NA,NA,NA,NA,NA,NA,NA,NA,NA,NA
"78",1907,78,"Luxembourg","Jun","LUX",14.367,75.7999,NA,NA,NA,NA,NA,NA,NA,NA,NA,NA,NA
"79",1907,79,"Luxembourg","Jul","LUX",14.7831,84.1644,NA,NA,NA,NA,NA,NA,NA,NA,NA,NA,NA
"80",1907,80,"Luxembourg","Aug","LUX",16.2748,66.5777,NA,NA,NA,NA,NA,NA,NA,NA,NA,NA,NA
"81",1907,81,"Luxembourg","Sep","LUX",14.121,38.361,NA,NA,NA,NA,NA,NA,NA,NA,NA,NA,NA
"82",1907,82,"Luxembourg","Oct","LUX",10.8219,81.1997,NA,NA,NA,NA,NA,NA,NA,NA,NA,NA,NA
"83",1907,83,"Luxembourg","Nov","LUX",5.10535,58.7722,NA,NA,NA,NA,NA,NA,NA,NA,NA,NA,NA
"84",1907,84,"Luxembourg","Dec","LUX",2.58181,81.48,NA,NA,NA,NA,NA,NA,NA,NA,NA,NA,NA
"85",1908,85,"Luxembourg","Jan","LUX",-2.2442,45.6628,NA,NA,NA,NA,NA,NA,NA,NA,NA,NA,NA
"86",1908,86,"Luxembourg","Feb","LUX",2.34104,86.4951,NA,NA,NA,NA,NA,NA,NA,NA,NA,NA,NA
"87",1908,87,"Luxembourg","Mar","LUX",3.1647,60.0988,NA,NA,NA,NA,NA,NA,NA,NA,NA,NA,NA
"88",1908,88,"Luxembourg","Apr","LUX",6.08995,61.8828,NA,NA,NA,NA,NA,NA,NA,NA,NA,NA,NA
"89",1908,89,"Luxembourg","May","LUX",13.6054,93.76,NA,NA,NA,NA,NA,NA,NA,NA,NA,NA,NA
"90",1908,90,"Luxembourg","Jun","LUX",16.9299,66.5806,NA,NA,NA,NA,NA,NA,NA,NA,NA,NA,NA
"91",1908,91,"Luxembourg","Jul","LUX",17.0221,88.0579,NA,NA,NA,NA,NA,NA,NA,NA,NA,NA,NA
"92",1908,92,"Luxembourg","Aug","LUX",15.0584,117.115,NA,NA,NA,NA,NA,NA,NA,NA,NA,NA,NA
"93",1908,93,"Luxembourg","Sep","LUX",13.2439,58.473,NA,NA,NA,NA,NA,NA,NA,NA,NA,NA,NA
"94",1908,94,"Luxembourg","Oct","LUX",9.41337,2.78467,NA,NA,NA,NA,NA,NA,NA,NA,NA,NA,NA
"95",1908,95,"Luxembourg","Nov","LUX",3.13902,71.8412,NA,NA,NA,NA,NA,NA,NA,NA,NA,NA,NA
"96",1908,96,"Luxembourg","Dec","LUX",0.29676,40.2712,NA,NA,NA,NA,NA,NA,NA,NA,NA,NA,NA
"97",1909,97,"Luxembourg","Jan","LUX",-0.7685,49.4892,NA,NA,NA,NA,NA,NA,NA,NA,NA,NA,NA
"98",1909,98,"Luxembourg","Feb","LUX",-0.4452,43.523,NA,NA,NA,NA,NA,NA,NA,NA,NA,NA,NA
"99",1909,99,"Luxembourg","Mar","LUX",2.93714,74.9091,NA,NA,NA,NA,NA,NA,NA,NA,NA,NA,NA
"100",1909,100,"Luxembourg","Apr","LUX",9.13837,62.912,NA,NA,NA,NA,NA,NA,NA,NA,NA,NA,NA
"101",1909,101,"Luxembourg","May","LUX",11.7011,34.2848,NA,NA,NA,NA,NA,NA,NA,NA,NA,NA,NA
"102",1909,102,"Luxembourg","Jun","LUX",13.5888,103.558,NA,NA,NA,NA,NA,NA,NA,NA,NA,NA,NA
"103",1909,103,"Luxembourg","Jul","LUX",14.8263,132.657,NA,NA,NA,NA,NA,NA,NA,NA,NA,NA,NA
"104",1909,104,"Luxembourg","Aug","LUX",16.7086,59.3689,NA,NA,NA,NA,NA,NA,NA,NA,NA,NA,NA
"105",1909,105,"Luxembourg","Sep","LUX",12.9586,78.5388,NA,NA,NA,NA,NA,NA,NA,NA,NA,NA,NA
"106",1909,106,"Luxembourg","Oct","LUX",10.7786,86.4387,NA,NA,NA,NA,NA,NA,NA,NA,NA,NA,NA
"107",1909,107,"Luxembourg","Nov","LUX",2.64967,52.3091,NA,NA,NA,NA,NA,NA,NA,NA,NA,NA,NA
"108",1909,108,"Luxembourg","Dec","LUX",2.52054,128.581,NA,NA,NA,NA,NA,NA,NA,NA,NA,NA,NA
"109",1910,109,"Luxembourg","Jan","LUX",1.91768,105.201,NA,NA,NA,NA,NA,NA,NA,NA,NA,NA,NA
"110",1910,110,"Luxembourg","Feb","LUX",3.27678,129.841,NA,NA,NA,NA,NA,NA,NA,NA,NA,NA,NA
"111",1910,111,"Luxembourg","Mar","LUX",5.03434,20.5968,NA,NA,NA,NA,NA,NA,NA,NA,NA,NA,NA
"112",1910,112,"Luxembourg","Apr","LUX",7.69832,46.3918,NA,NA,NA,NA,NA,NA,NA,NA,NA,NA,NA
"113",1910,113,"Luxembourg","May","LUX",12.1729,71.2415,NA,NA,NA,NA,NA,NA,NA,NA,NA,NA,NA
"114",1910,114,"Luxembourg","Jun","LUX",16.2241,118.909,NA,NA,NA,NA,NA,NA,NA,NA,NA,NA,NA
"115",1910,115,"Luxembourg","Jul","LUX",15.5209,152.052,NA,NA,NA,NA,NA,NA,NA,NA,NA,NA,NA
"116",1910,116,"Luxembourg","Aug","LUX",16.1743,57.0203,NA,NA,NA,NA,NA,NA,NA,NA,NA,NA,NA
"117",1910,117,"Luxembourg","Sep","LUX",12.9561,104.303,NA,NA,NA,NA,NA,NA,NA,NA,NA,NA,NA
"118",1910,118,"Luxembourg","Oct","LUX",10.4321,34.8522,NA,NA,NA,NA,NA,NA,NA,NA,NA,NA,NA
"119",1910,119,"Luxembourg","Nov","LUX",2.97244,175.351,NA,NA,NA,NA,NA,NA,NA,NA,NA,NA,NA
"120",1910,120,"Luxembourg","Dec","LUX",4.11757,90.6632,NA,NA,NA,NA,NA,NA,NA,NA,NA,NA,NA
"121",1911,121,"Luxembourg","Jan","LUX",-0.8764,32.3614,NA,NA,NA,NA,NA,NA,NA,NA,NA,NA,NA
"122",1911,122,"Luxembourg","Feb","LUX",2.51522,57.5321,NA,NA,NA,NA,NA,NA,NA,NA,NA,NA,NA
"123",1911,123,"Luxembourg","Mar","LUX",5.06638,72.7986,NA,NA,NA,NA,NA,NA,NA,NA,NA,NA,NA
"124",1911,124,"Luxembourg","Apr","LUX",7.46388,43.0513,NA,NA,NA,NA,NA,NA,NA,NA,NA,NA,NA
"125",1911,125,"Luxembourg","May","LUX",13.6239,40.3198,NA,NA,NA,NA,NA,NA,NA,NA,NA,NA,NA
"126",1911,126,"Luxembourg","Jun","LUX",15.0349,89.0304,NA,NA,NA,NA,NA,NA,NA,NA,NA,NA,NA
"127",1911,127,"Luxembourg","Jul","LUX",19.6562,27.658,NA,NA,NA,NA,NA,NA,NA,NA,NA,NA,NA
"128",1911,128,"Luxembourg","Aug","LUX",20.4539,24.4962,NA,NA,NA,NA,NA,NA,NA,NA,NA,NA,NA
"129",1911,129,"Luxembourg","Sep","LUX",15.3986,48.5668,NA,NA,NA,NA,NA,NA,NA,NA,NA,NA,NA
"130",1911,130,"Luxembourg","Oct","LUX",10.4558,82.8895,NA,NA,NA,NA,NA,NA,NA,NA,NA,NA,NA
"131",1911,131,"Luxembourg","Nov","LUX",5.08932,100.946,NA,NA,NA,NA,NA,NA,NA,NA,NA,NA,NA
"132",1911,132,"Luxembourg","Dec","LUX",4.43327,126.894,NA,NA,NA,NA,NA,NA,NA,NA,NA,NA,NA
"133",1912,133,"Luxembourg","Jan","LUX",1.21633,77.1083,NA,NA,NA,NA,NA,NA,NA,NA,NA,NA,NA
"134",1912,134,"Luxembourg","Feb","LUX",4.37432,58.8941,NA,NA,NA,NA,NA,NA,NA,NA,NA,NA,NA
"135",1912,135,"Luxembourg","Mar","LUX",7.16627,103.988,NA,NA,NA,NA,NA,NA,NA,NA,NA,NA,NA
"136",1912,136,"Luxembourg","Apr","LUX",8.10227,24.0374,NA,NA,NA,NA,NA,NA,NA,NA,NA,NA,NA
"137",1912,137,"Luxembourg","May","LUX",12.692,47.0858,NA,NA,NA,NA,NA,NA,NA,NA,NA,NA,NA
"138",1912,138,"Luxembourg","Jun","LUX",15.4291,69.2874,NA,NA,NA,NA,NA,NA,NA,NA,NA,NA,NA
"139",1912,139,"Luxembourg","Jul","LUX",18.085,48.8736,NA,NA,NA,NA,NA,NA,NA,NA,NA,NA,NA
"140",1912,140,"Luxembourg","Aug","LUX",14.1201,135.549,NA,NA,NA,NA,NA,NA,NA,NA,NA,NA,NA
"141",1912,141,"Luxembourg","Sep","LUX",10.3979,85.5125,NA,NA,NA,NA,NA,NA,NA,NA,NA,NA,NA
"142",1912,142,"Luxembourg","Oct","LUX",7.76305,96.607,NA,NA,NA,NA,NA,NA,NA,NA,NA,NA,NA
"143",1912,143,"Luxembourg","Nov","LUX",3.52504,78.9841,NA,NA,NA,NA,NA,NA,NA,NA,NA,NA,NA
"144",1912,144,"Luxembourg","Dec","LUX",4.40255,79.5675,NA,NA,NA,NA,NA,NA,NA,NA,NA,NA,NA
"145",1913,145,"Luxembourg","Jan","LUX",1.98994,105.393,NA,NA,NA,NA,NA,NA,NA,NA,NA,NA,NA
"146",1913,146,"Luxembourg","Feb","LUX",2.77206,38.7934,NA,NA,NA,NA,NA,NA,NA,NA,NA,NA,NA
"147",1913,147,"Luxembourg","Mar","LUX",7.03097,62.3867,NA,NA,NA,NA,NA,NA,NA,NA,NA,NA,NA
"148",1913,148,"Luxembourg","Apr","LUX",8.57908,61.1415,NA,NA,NA,NA,NA,NA,NA,NA,NA,NA,NA
"149",1913,149,"Luxembourg","May","LUX",12.9467,85.7801,NA,NA,NA,NA,NA,NA,NA,NA,NA,NA,NA
"150",1913,150,"Luxembourg","Jun","LUX",14.9512,75.8277,NA,NA,NA,NA,NA,NA,NA,NA,NA,NA,NA
"151",1913,151,"Luxembourg","Jul","LUX",14.6425,96.798,NA,NA,NA,NA,NA,NA,NA,NA,NA,NA,NA
"152",1913,152,"Luxembourg","Aug","LUX",15.6384,39.5625,NA,NA,NA,NA,NA,NA,NA,NA,NA,NA,NA
"153",1913,153,"Luxembourg","Sep","LUX",13.6607,80.9877,NA,NA,NA,NA,NA,NA,NA,NA,NA,NA,NA
"154",1913,154,"Luxembourg","Oct","LUX",10.7503,61.9339,NA,NA,NA,NA,NA,NA,NA,NA,NA,NA,NA
"155",1913,155,"Luxembourg","Nov","LUX",7.49556,95.1848,NA,NA,NA,NA,NA,NA,NA,NA,NA,NA,NA
"156",1913,156,"Luxembourg","Dec","LUX",2.25963,83.8735,NA,NA,NA,NA,NA,NA,NA,NA,NA,NA,NA
"157",1914,157,"Luxembourg","Jan","LUX",-2.3291,89.2917,NA,NA,NA,NA,NA,NA,NA,NA,NA,NA,NA
"158",1914,158,"Luxembourg","Feb","LUX",4.85069,62.1006,NA,NA,NA,NA,NA,NA,NA,NA,NA,NA,NA
"159",1914,159,"Luxembourg","Mar","LUX",5.834,160.071,NA,NA,NA,NA,NA,NA,NA,NA,NA,NA,NA
"160",1914,160,"Luxembourg","Apr","LUX",10.6523,52.2246,NA,NA,NA,NA,NA,NA,NA,NA,NA,NA,NA
"161",1914,161,"Luxembourg","May","LUX",11.2934,78.1315,NA,NA,NA,NA,NA,NA,NA,NA,NA,NA,NA
"162",1914,162,"Luxembourg","Jun","LUX",14.5487,91.0142,NA,NA,NA,NA,NA,NA,NA,NA,NA,NA,NA
"163",1914,163,"Luxembourg","Jul","LUX",17.2443,79.1231,NA,NA,NA,NA,NA,NA,NA,NA,NA,NA,NA
"164",1914,164,"Luxembourg","Aug","LUX",17.6018,91.3594,NA,NA,NA,NA,NA,NA,NA,NA,NA,NA,NA
"165",1914,165,"Luxembourg","Sep","LUX",13.3552,100.846,NA,NA,NA,NA,NA,NA,NA,NA,NA,NA,NA
"166",1914,166,"Luxembourg","Oct","LUX",9.0499,38.2392,NA,NA,NA,NA,NA,NA,NA,NA,NA,NA,NA
"167",1914,167,"Luxembourg","Nov","LUX",4.08307,61.3081,NA,NA,NA,NA,NA,NA,NA,NA,NA,NA,NA
"168",1914,168,"Luxembourg","Dec","LUX",4.24668,116.139,NA,NA,NA,NA,NA,NA,NA,NA,NA,NA,NA
"169",1915,169,"Luxembourg","Jan","LUX",1.50223,137.715,NA,NA,NA,NA,NA,NA,NA,NA,NA,NA,NA
"170",1915,170,"Luxembourg","Feb","LUX",2.49628,68.6736,NA,NA,NA,NA,NA,NA,NA,NA,NA,NA,NA
"171",1915,171,"Luxembourg","Mar","LUX",3.66362,55.988,NA,NA,NA,NA,NA,NA,NA,NA,NA,NA,NA
"172",1915,172,"Luxembourg","Apr","LUX",7.48158,66.9093,NA,NA,NA,NA,NA,NA,NA,NA,NA,NA,NA
"173",1915,173,"Luxembourg","May","LUX",13.7023,49.9766,NA,NA,NA,NA,NA,NA,NA,NA,NA,NA,NA
"174",1915,174,"Luxembourg","Jun","LUX",17.2488,38.7694,NA,NA,NA,NA,NA,NA,NA,NA,NA,NA,NA
"175",1915,175,"Luxembourg","Jul","LUX",16.335,104.612,NA,NA,NA,NA,NA,NA,NA,NA,NA,NA,NA
"176",1915,176,"Luxembourg","Aug","LUX",15.8676,108.289,NA,NA,NA,NA,NA,NA,NA,NA,NA,NA,NA
"177",1915,177,"Luxembourg","Sep","LUX",13.0556,51.439,NA,NA,NA,NA,NA,NA,NA,NA,NA,NA,NA
"178",1915,178,"Luxembourg","Oct","LUX",7.47706,27.6054,NA,NA,NA,NA,NA,NA,NA,NA,NA,NA,NA
"179",1915,179,"Luxembourg","Nov","LUX",1.88807,95.0864,NA,NA,NA,NA,NA,NA,NA,NA,NA,NA,NA
"180",1915,180,"Luxembourg","Dec","LUX",5.0261,208.51,NA,NA,NA,NA,NA,NA,NA,NA,NA,NA,NA
"181",1916,181,"Luxembourg","Jan","LUX",4.91882,86.1272,NA,NA,NA,NA,NA,NA,NA,NA,NA,NA,NA
"182",1916,182,"Luxembourg","Feb","LUX",2.56427,112.216,NA,NA,NA,NA,NA,NA,NA,NA,NA,NA,NA
"183",1916,183,"Luxembourg","Mar","LUX",4.78026,61.6671,NA,NA,NA,NA,NA,NA,NA,NA,NA,NA,NA
"184",1916,184,"Luxembourg","Apr","LUX",8.77323,85.6763,NA,NA,NA,NA,NA,NA,NA,NA,NA,NA,NA
"185",1916,185,"Luxembourg","May","LUX",13.507,79.2409,NA,NA,NA,NA,NA,NA,NA,NA,NA,NA,NA
"186",1916,186,"Luxembourg","Jun","LUX",12.839,113.259,NA,NA,NA,NA,NA,NA,NA,NA,NA,NA,NA
"187",1916,187,"Luxembourg","Jul","LUX",15.988,66.6162,NA,NA,NA,NA,NA,NA,NA,NA,NA,NA,NA
"188",1916,188,"Luxembourg","Aug","LUX",16.6906,103.688,NA,NA,NA,NA,NA,NA,NA,NA,NA,NA,NA
"189",1916,189,"Luxembourg","Sep","LUX",12.9977,78.832,NA,NA,NA,NA,NA,NA,NA,NA,NA,NA,NA
"190",1916,190,"Luxembourg","Oct","LUX",9.77678,100.402,NA,NA,NA,NA,NA,NA,NA,NA,NA,NA,NA
"191",1916,191,"Luxembourg","Nov","LUX",4.99617,64.9864,NA,NA,NA,NA,NA,NA,NA,NA,NA,NA,NA
"192",1916,192,"Luxembourg","Dec","LUX",2.28153,139.274,NA,NA,NA,NA,NA,NA,NA,NA,NA,NA,NA
"193",1917,193,"Luxembourg","Jan","LUX",-1.5893,78.2891,NA,NA,NA,NA,NA,NA,NA,NA,NA,NA,NA
"194",1917,194,"Luxembourg","Feb","LUX",-2.391,18.1269,NA,NA,NA,NA,NA,NA,NA,NA,NA,NA,NA
"195",1917,195,"Luxembourg","Mar","LUX",1.8651,83.8495,NA,NA,NA,NA,NA,NA,NA,NA,NA,NA,NA
"196",1917,196,"Luxembourg","Apr","LUX",4.96224,64.1069,NA,NA,NA,NA,NA,NA,NA,NA,NA,NA,NA
"197",1917,197,"Luxembourg","May","LUX",15.6766,53.7209,NA,NA,NA,NA,NA,NA,NA,NA,NA,NA,NA
"198",1917,198,"Luxembourg","Jun","LUX",18.2818,113.476,NA,NA,NA,NA,NA,NA,NA,NA,NA,NA,NA
"199",1917,199,"Luxembourg","Jul","LUX",17.3077,97.8928,NA,NA,NA,NA,NA,NA,NA,NA,NA,NA,NA
"200",1917,200,"Luxembourg","Aug","LUX",16.4125,97.6756,NA,NA,NA,NA,NA,NA,NA,NA,NA,NA,NA
"201",1917,201,"Luxembourg","Sep","LUX",15.0291,23.2181,NA,NA,NA,NA,NA,NA,NA,NA,NA,NA,NA
"202",1917,202,"Luxembourg","Oct","LUX",7.60394,146.896,NA,NA,NA,NA,NA,NA,NA,NA,NA,NA,NA
"203",1917,203,"Luxembourg","Nov","LUX",5.84947,80.6126,NA,NA,NA,NA,NA,NA,NA,NA,NA,NA,NA
"204",1917,204,"Luxembourg","Dec","LUX",-1.3865,40.055,NA,NA,NA,NA,NA,NA,NA,NA,NA,NA,NA
"205",1918,205,"Luxembourg","Jan","LUX",1.67983,99.9414,NA,NA,NA,NA,NA,NA,NA,NA,NA,NA,NA
"206",1918,206,"Luxembourg","Feb","LUX",3.30992,48.9241,NA,NA,NA,NA,NA,NA,NA,NA,NA,NA,NA
"207",1918,207,"Luxembourg","Mar","LUX",4.9807,47.5099,NA,NA,NA,NA,NA,NA,NA,NA,NA,NA,NA
"208",1918,208,"Luxembourg","Apr","LUX",8.47469,92.7328,NA,NA,NA,NA,NA,NA,NA,NA,NA,NA,NA
"209",1918,209,"Luxembourg","May","LUX",14.5058,54.5138,NA,NA,NA,NA,NA,NA,NA,NA,NA,NA,NA
"210",1918,210,"Luxembourg","Jun","LUX",13.7223,42.1628,NA,NA,NA,NA,NA,NA,NA,NA,NA,NA,NA
"211",1918,211,"Luxembourg","Jul","LUX",16.8752,101.838,NA,NA,NA,NA,NA,NA,NA,NA,NA,NA,NA
"212",1918,212,"Luxembourg","Aug","LUX",16.6798,84.3376,NA,NA,NA,NA,NA,NA,NA,NA,NA,NA,NA
"213",1918,213,"Luxembourg","Sep","LUX",13.4932,134.361,NA,NA,NA,NA,NA,NA,NA,NA,NA,NA,NA
"214",1918,214,"Luxembourg","Oct","LUX",8.46747,65.6976,NA,NA,NA,NA,NA,NA,NA,NA,NA,NA,NA
"215",1918,215,"Luxembourg","Nov","LUX",3.87384,54.7559,NA,NA,NA,NA,NA,NA,NA,NA,NA,NA,NA
"216",1918,216,"Luxembourg","Dec","LUX",5.18986,144.01,NA,NA,NA,NA,NA,NA,NA,NA,NA,NA,NA
"217",1919,217,"Luxembourg","Jan","LUX",1.32854,75.4441,NA,NA,NA,NA,NA,NA,NA,NA,NA,NA,NA
"218",1919,218,"Luxembourg","Feb","LUX",0.536,70.8853,NA,NA,NA,NA,NA,NA,NA,NA,NA,NA,NA
"219",1919,219,"Luxembourg","Mar","LUX",4.1798,99.0441,NA,NA,NA,NA,NA,NA,NA,NA,NA,NA,NA
"220",1919,220,"Luxembourg","Apr","LUX",6.19844,88.0133,NA,NA,NA,NA,NA,NA,NA,NA,NA,NA,NA
"221",1919,221,"Luxembourg","May","LUX",13.3864,23.9067,NA,NA,NA,NA,NA,NA,NA,NA,NA,NA,NA
"222",1919,222,"Luxembourg","Jun","LUX",15.5533,41.4579,NA,NA,NA,NA,NA,NA,NA,NA,NA,NA,NA
"223",1919,223,"Luxembourg","Jul","LUX",14.2617,113.255,NA,NA,NA,NA,NA,NA,NA,NA,NA,NA,NA
"224",1919,224,"Luxembourg","Aug","LUX",17.1142,45.0411,NA,NA,NA,NA,NA,NA,NA,NA,NA,NA,NA
"225",1919,225,"Luxembourg","Sep","LUX",14.901,63.0337,NA,NA,NA,NA,NA,NA,NA,NA,NA,NA,NA
"226",1919,226,"Luxembourg","Oct","LUX",6.47287,47.1546,NA,NA,NA,NA,NA,NA,NA,NA,NA,NA,NA
"227",1919,227,"Luxembourg","Nov","LUX",1.82446,136.762,NA,NA,NA,NA,NA,NA,NA,NA,NA,NA,NA
"228",1919,228,"Luxembourg","Dec","LUX",3.02841,190.86,NA,NA,NA,NA,NA,NA,NA,NA,NA,NA,NA
"229",1920,229,"Luxembourg","Jan","LUX",3.34269,166.214,NA,NA,NA,NA,NA,NA,NA,NA,NA,NA,NA
"230",1920,230,"Luxembourg","Feb","LUX",4.62868,35.7585,NA,NA,NA,NA,NA,NA,NA,NA,NA,NA,NA
"231",1920,231,"Luxembourg","Mar","LUX",7.22429,43.5178,NA,NA,NA,NA,NA,NA,NA,NA,NA,NA,NA
"232",1920,232,"Luxembourg","Apr","LUX",9.40014,99.9093,NA,NA,NA,NA,NA,NA,NA,NA,NA,NA,NA
"233",1920,233,"Luxembourg","May","LUX",14.0288,52.723,NA,NA,NA,NA,NA,NA,NA,NA,NA,NA,NA
"234",1920,234,"Luxembourg","Jun","LUX",15.7583,38.9573,NA,NA,NA,NA,NA,NA,NA,NA,NA,NA,NA
"235",1920,235,"Luxembourg","Jul","LUX",16.8353,108.704,NA,NA,NA,NA,NA,NA,NA,NA,NA,NA,NA
"236",1920,236,"Luxembourg","Aug","LUX",14.9658,62.4388,NA,NA,NA,NA,NA,NA,NA,NA,NA,NA,NA
"237",1920,237,"Luxembourg","Sep","LUX",13.5282,77.2654,NA,NA,NA,NA,NA,NA,NA,NA,NA,NA,NA
"238",1920,238,"Luxembourg","Oct","LUX",8.77787,36.614,NA,NA,NA,NA,NA,NA,NA,NA,NA,NA,NA
"239",1920,239,"Luxembourg","Nov","LUX",2.41914,24.6494,NA,NA,NA,NA,NA,NA,NA,NA,NA,NA,NA
"240",1920,240,"Luxembourg","Dec","LUX",1.61103,66.0558,NA,NA,NA,NA,NA,NA,NA,NA,NA,NA,NA
"241",1921,241,"Luxembourg","Jan","LUX",5.09625,98.0586,NA,NA,NA,NA,NA,NA,NA,NA,NA,NA,NA
"242",1921,242,"Luxembourg","Feb","LUX",2.58395,14.4937,NA,NA,NA,NA,NA,NA,NA,NA,NA,NA,NA
"243",1921,243,"Luxembourg","Mar","LUX",6.528,27.1883,NA,NA,NA,NA,NA,NA,NA,NA,NA,NA,NA
"244",1921,244,"Luxembourg","Apr","LUX",8.67332,27.6564,NA,NA,NA,NA,NA,NA,NA,NA,NA,NA,NA
"245",1921,245,"Luxembourg","May","LUX",13.8359,41.6655,NA,NA,NA,NA,NA,NA,NA,NA,NA,NA,NA
"246",1921,246,"Luxembourg","Jun","LUX",15.5839,38.0927,NA,NA,NA,NA,NA,NA,NA,NA,NA,NA,NA
"247",1921,247,"Luxembourg","Jul","LUX",19.6902,13.0664,NA,NA,NA,NA,NA,NA,NA,NA,NA,NA,NA
"248",1921,248,"Luxembourg","Aug","LUX",17.3896,58.0049,NA,NA,NA,NA,NA,NA,NA,NA,NA,NA,NA
"249",1921,249,"Luxembourg","Sep","LUX",14.7558,29.2394,NA,NA,NA,NA,NA,NA,NA,NA,NA,NA,NA
"250",1921,250,"Luxembourg","Oct","LUX",12.7317,20.6201,NA,NA,NA,NA,NA,NA,NA,NA,NA,NA,NA
"251",1921,251,"Luxembourg","Nov","LUX",0.56564,52.1911,NA,NA,NA,NA,NA,NA,NA,NA,NA,NA,NA
"252",1921,252,"Luxembourg","Dec","LUX",1.92889,68.5281,NA,NA,NA,NA,NA,NA,NA,NA,NA,NA,NA
"253",1922,253,"Luxembourg","Jan","LUX",-0.1255,116.467,NA,NA,NA,NA,NA,NA,NA,NA,NA,NA,NA
"254",1922,254,"Luxembourg","Feb","LUX",1.38174,76.5629,NA,NA,NA,NA,NA,NA,NA,NA,NA,NA,NA
"255",1922,255,"Luxembourg","Mar","LUX",4.61263,70.0538,NA,NA,NA,NA,NA,NA,NA,NA,NA,NA,NA
"256",1922,256,"Luxembourg","Apr","LUX",6.3926,118.465,NA,NA,NA,NA,NA,NA,NA,NA,NA,NA,NA
"257",1922,257,"Luxembourg","May","LUX",14.3232,40.4682,NA,NA,NA,NA,NA,NA,NA,NA,NA,NA,NA
"258",1922,258,"Luxembourg","Jun","LUX",16.007,56.0762,NA,NA,NA,NA,NA,NA,NA,NA,NA,NA,NA
"259",1922,259,"Luxembourg","Jul","LUX",15.7456,104.691,NA,NA,NA,NA,NA,NA,NA,NA,NA,NA,NA
"260",1922,260,"Luxembourg","Aug","LUX",15.5216,99.3978,NA,NA,NA,NA,NA,NA,NA,NA,NA,NA,NA
"261",1922,261,"Luxembourg","Sep","LUX",12.1636,96.96,NA,NA,NA,NA,NA,NA,NA,NA,NA,NA,NA
"262",1922,262,"Luxembourg","Oct","LUX",6.30846,59.6458,NA,NA,NA,NA,NA,NA,NA,NA,NA,NA,NA
"263",1922,263,"Luxembourg","Nov","LUX",3.3983,107.471,NA,NA,NA,NA,NA,NA,NA,NA,NA,NA,NA
"264",1922,264,"Luxembourg","Dec","LUX",3.33831,135.872,NA,NA,NA,NA,NA,NA,NA,NA,NA,NA,NA
"265",1923,265,"Luxembourg","Jan","LUX",2.38823,76.085,NA,NA,NA,NA,NA,NA,NA,NA,NA,NA,NA
"266",1923,266,"Luxembourg","Feb","LUX",3.69609,93.6709,NA,NA,NA,NA,NA,NA,NA,NA,NA,NA,NA
"267",1923,267,"Luxembourg","Mar","LUX",6.36145,62.3432,NA,NA,NA,NA,NA,NA,NA,NA,NA,NA,NA
"268",1923,268,"Luxembourg","Apr","LUX",8.17321,50.1395,NA,NA,NA,NA,NA,NA,NA,NA,NA,NA,NA
"269",1923,269,"Luxembourg","May","LUX",11.3597,114.598,NA,NA,NA,NA,NA,NA,NA,NA,NA,NA,NA
"270",1923,270,"Luxembourg","Jun","LUX",12.0931,68.8192,NA,NA,NA,NA,NA,NA,NA,NA,NA,NA,NA
"271",1923,271,"Luxembourg","Jul","LUX",19.3156,66.4388,NA,NA,NA,NA,NA,NA,NA,NA,NA,NA,NA
"272",1923,272,"Luxembourg","Aug","LUX",16.6687,69.5528,NA,NA,NA,NA,NA,NA,NA,NA,NA,NA,NA
"273",1923,273,"Luxembourg","Sep","LUX",13.5427,68.4742,NA,NA,NA,NA,NA,NA,NA,NA,NA,NA,NA
"274",1923,274,"Luxembourg","Oct","LUX",10.8463,188.088,NA,NA,NA,NA,NA,NA,NA,NA,NA,NA,NA
"275",1923,275,"Luxembourg","Nov","LUX",2.87353,80.8761,NA,NA,NA,NA,NA,NA,NA,NA,NA,NA,NA
"276",1923,276,"Luxembourg","Dec","LUX",0.5103,93.7544,NA,NA,NA,NA,NA,NA,NA,NA,NA,NA,NA
"277",1924,277,"Luxembourg","Jan","LUX",-0.2388,48.7612,NA,NA,NA,NA,NA,NA,NA,NA,NA,NA,NA
"278",1924,278,"Luxembourg","Feb","LUX",-0.4052,49.6651,NA,NA,NA,NA,NA,NA,NA,NA,NA,NA,NA
"279",1924,279,"Luxembourg","Mar","LUX",3.86599,64.4126,NA,NA,NA,NA,NA,NA,NA,NA,NA,NA,NA
"280",1924,280,"Luxembourg","Apr","LUX",7.41667,101.656,NA,NA,NA,NA,NA,NA,NA,NA,NA,NA,NA
"281",1924,281,"Luxembourg","May","LUX",14.0703,97.6412,NA,NA,NA,NA,NA,NA,NA,NA,NA,NA,NA
"282",1924,282,"Luxembourg","Jun","LUX",15.5232,53.7683,NA,NA,NA,NA,NA,NA,NA,NA,NA,NA,NA
"283",1924,283,"Luxembourg","Jul","LUX",17.0454,107.574,NA,NA,NA,NA,NA,NA,NA,NA,NA,NA,NA
"284",1924,284,"Luxembourg","Aug","LUX",14.4599,148.201,NA,NA,NA,NA,NA,NA,NA,NA,NA,NA,NA
"285",1924,285,"Luxembourg","Sep","LUX",13.897,80.8171,NA,NA,NA,NA,NA,NA,NA,NA,NA,NA,NA
"286",1924,286,"Luxembourg","Oct","LUX",10.2445,107.561,NA,NA,NA,NA,NA,NA,NA,NA,NA,NA,NA
"287",1924,287,"Luxembourg","Nov","LUX",4.32111,68.1558,NA,NA,NA,NA,NA,NA,NA,NA,NA,NA,NA
"288",1924,288,"Luxembourg","Dec","LUX",2.59371,42.7725,NA,NA,NA,NA,NA,NA,NA,NA,NA,NA,NA
"289",1925,289,"Luxembourg","Jan","LUX",2.88817,99.6149,NA,NA,NA,NA,NA,NA,NA,NA,NA,NA,NA
"290",1925,290,"Luxembourg","Feb","LUX",4.48448,79.4728,NA,NA,NA,NA,NA,NA,NA,NA,NA,NA,NA
"291",1925,291,"Luxembourg","Mar","LUX",2.75063,67.9089,NA,NA,NA,NA,NA,NA,NA,NA,NA,NA,NA
"292",1925,292,"Luxembourg","Apr","LUX",8.59311,65.4199,NA,NA,NA,NA,NA,NA,NA,NA,NA,NA,NA
"293",1925,293,"Luxembourg","May","LUX",13.7754,76.9654,NA,NA,NA,NA,NA,NA,NA,NA,NA,NA,NA
"294",1925,294,"Luxembourg","Jun","LUX",15.6317,44.2897,NA,NA,NA,NA,NA,NA,NA,NA,NA,NA,NA
"295",1925,295,"Luxembourg","Jul","LUX",18.1054,94.8363,NA,NA,NA,NA,NA,NA,NA,NA,NA,NA,NA
"296",1925,296,"Luxembourg","Aug","LUX",16.5882,109.04,NA,NA,NA,NA,NA,NA,NA,NA,NA,NA,NA
"297",1925,297,"Luxembourg","Sep","LUX",11.5369,111.63,NA,NA,NA,NA,NA,NA,NA,NA,NA,NA,NA
"298",1925,298,"Luxembourg","Oct","LUX",9.64751,83.5238,NA,NA,NA,NA,NA,NA,NA,NA,NA,NA,NA
"299",1925,299,"Luxembourg","Nov","LUX",2.35776,97.1377,NA,NA,NA,NA,NA,NA,NA,NA,NA,NA,NA
"300",1925,300,"Luxembourg","Dec","LUX",1.13498,189.1,NA,NA,NA,NA,NA,NA,NA,NA,NA,NA,NA
"301",1926,301,"Luxembourg","Jan","LUX",1.51204,70.6194,NA,NA,NA,NA,NA,NA,NA,NA,NA,NA,NA
"302",1926,302,"Luxembourg","Feb","LUX",6.37582,105.486,NA,NA,NA,NA,NA,NA,NA,NA,NA,NA,NA
"303",1926,303,"Luxembourg","Mar","LUX",5.64373,51.4658,NA,NA,NA,NA,NA,NA,NA,NA,NA,NA,NA
"304",1926,304,"Luxembourg","Apr","LUX",10.1379,37.9898,NA,NA,NA,NA,NA,NA,NA,NA,NA,NA,NA
"305",1926,305,"Luxembourg","May","LUX",10.8067,131.287,NA,NA,NA,NA,NA,NA,NA,NA,NA,NA,NA
"306",1926,306,"Luxembourg","Jun","LUX",13.8406,78.5095,NA,NA,NA,NA,NA,NA,NA,NA,NA,NA,NA
"307",1926,307,"Luxembourg","Jul","LUX",16.8191,87.9745,NA,NA,NA,NA,NA,NA,NA,NA,NA,NA,NA
"308",1926,308,"Luxembourg","Aug","LUX",16.7932,76.738,NA,NA,NA,NA,NA,NA,NA,NA,NA,NA,NA
"309",1926,309,"Luxembourg","Sep","LUX",15.4632,33.9292,NA,NA,NA,NA,NA,NA,NA,NA,NA,NA,NA
"310",1926,310,"Luxembourg","Oct","LUX",8.48702,150.871,NA,NA,NA,NA,NA,NA,NA,NA,NA,NA,NA
"311",1926,311,"Luxembourg","Nov","LUX",6.20482,86.7098,NA,NA,NA,NA,NA,NA,NA,NA,NA,NA,NA
"312",1926,312,"Luxembourg","Dec","LUX",0.68306,56.3503,NA,NA,NA,NA,NA,NA,NA,NA,NA,NA,NA
"313",1927,313,"Luxembourg","Jan","LUX",2.43367,72.7123,NA,NA,NA,NA,NA,NA,NA,NA,NA,NA,NA
"314",1927,314,"Luxembourg","Feb","LUX",2.38799,65.6132,NA,NA,NA,NA,NA,NA,NA,NA,NA,NA,NA
"315",1927,315,"Luxembourg","Mar","LUX",6.50203,78.4628,NA,NA,NA,NA,NA,NA,NA,NA,NA,NA,NA
"316",1927,316,"Luxembourg","Apr","LUX",8.24352,80.4011,NA,NA,NA,NA,NA,NA,NA,NA,NA,NA,NA
"317",1927,317,"Luxembourg","May","LUX",12.1109,48.4433,NA,NA,NA,NA,NA,NA,NA,NA,NA,NA,NA
"318",1927,318,"Luxembourg","Jun","LUX",14.267,110.35,NA,NA,NA,NA,NA,NA,NA,NA,NA,NA,NA
"319",1927,319,"Luxembourg","Jul","LUX",17.1963,104.231,NA,NA,NA,NA,NA,NA,NA,NA,NA,NA,NA
"320",1927,320,"Luxembourg","Aug","LUX",16.6283,133.127,NA,NA,NA,NA,NA,NA,NA,NA,NA,NA,NA
"321",1927,321,"Luxembourg","Sep","LUX",13.8136,87.1092,NA,NA,NA,NA,NA,NA,NA,NA,NA,NA,NA
"322",1927,322,"Luxembourg","Oct","LUX",9.5963,27.2833,NA,NA,NA,NA,NA,NA,NA,NA,NA,NA,NA
"323",1927,323,"Luxembourg","Nov","LUX",3.55197,82.0721,NA,NA,NA,NA,NA,NA,NA,NA,NA,NA,NA
"324",1927,324,"Luxembourg","Dec","LUX",-1.2148,69.0119,NA,NA,NA,NA,NA,NA,NA,NA,NA,NA,NA
"325",1928,325,"Luxembourg","Jan","LUX",2.67818,89.7213,NA,NA,NA,NA,NA,NA,NA,NA,NA,NA,NA
"326",1928,326,"Luxembourg","Feb","LUX",4.0383,87.8214,NA,NA,NA,NA,NA,NA,NA,NA,NA,NA,NA
"327",1928,327,"Luxembourg","Mar","LUX",4.81211,29.0519,NA,NA,NA,NA,NA,NA,NA,NA,NA,NA,NA
"328",1928,328,"Luxembourg","Apr","LUX",8.40299,108.843,NA,NA,NA,NA,NA,NA,NA,NA,NA,NA,NA
"329",1928,329,"Luxembourg","May","LUX",10.7731,53.636,NA,NA,NA,NA,NA,NA,NA,NA,NA,NA,NA
"330",1928,330,"Luxembourg","Jun","LUX",14.6341,73.6418,NA,NA,NA,NA,NA,NA,NA,NA,NA,NA,NA
"331",1928,331,"Luxembourg","Jul","LUX",18.6364,46.6768,NA,NA,NA,NA,NA,NA,NA,NA,NA,NA,NA
"332",1928,332,"Luxembourg","Aug","LUX",16.8848,78.7566,NA,NA,NA,NA,NA,NA,NA,NA,NA,NA,NA
"333",1928,333,"Luxembourg","Sep","LUX",13.2604,36.2434,NA,NA,NA,NA,NA,NA,NA,NA,NA,NA,NA
"334",1928,334,"Luxembourg","Oct","LUX",9.3753,119.193,NA,NA,NA,NA,NA,NA,NA,NA,NA,NA,NA
"335",1928,335,"Luxembourg","Nov","LUX",6.45265,129.464,NA,NA,NA,NA,NA,NA,NA,NA,NA,NA,NA
"336",1928,336,"Luxembourg","Dec","LUX",1.21116,90.7589,NA,NA,NA,NA,NA,NA,NA,NA,NA,NA,NA
"337",1929,337,"Luxembourg","Jan","LUX",-2.8445,32.3186,NA,NA,NA,NA,NA,NA,NA,NA,NA,NA,NA
"338",1929,338,"Luxembourg","Feb","LUX",-4.9315,24.3099,NA,NA,NA,NA,NA,NA,NA,NA,NA,NA,NA
"339",1929,339,"Luxembourg","Mar","LUX",4.49297,5.10901,NA,NA,NA,NA,NA,NA,NA,NA,NA,NA,NA
"340",1929,340,"Luxembourg","Apr","LUX",5.68683,54.4183,NA,NA,NA,NA,NA,NA,NA,NA,NA,NA,NA
"341",1929,341,"Luxembourg","May","LUX",13.2046,40.9243,NA,NA,NA,NA,NA,NA,NA,NA,NA,NA,NA
"342",1929,342,"Luxembourg","Jun","LUX",14.715,72.0343,NA,NA,NA,NA,NA,NA,NA,NA,NA,NA,NA
"343",1929,343,"Luxembourg","Jul","LUX",17.9137,94.9042,NA,NA,NA,NA,NA,NA,NA,NA,NA,NA,NA
"344",1929,344,"Luxembourg","Aug","LUX",16.9311,31.9446,NA,NA,NA,NA,NA,NA,NA,NA,NA,NA,NA
"345",1929,345,"Luxembourg","Sep","LUX",16.7134,32.0549,NA,NA,NA,NA,NA,NA,NA,NA,NA,NA,NA
"346",1929,346,"Luxembourg","Oct","LUX",9.80497,156.521,NA,NA,NA,NA,NA,NA,NA,NA,NA,NA,NA
"347",1929,347,"Luxembourg","Nov","LUX",5.17514,89.1578,NA,NA,NA,NA,NA,NA,NA,NA,NA,NA,NA
"348",1929,348,"Luxembourg","Dec","LUX",4.59882,152.065,NA,NA,NA,NA,NA,NA,NA,NA,NA,NA,NA
"349",1930,349,"Luxembourg","Jan","LUX",3.78718,60.0887,NA,NA,NA,NA,NA,NA,NA,NA,NA,NA,NA
"350",1930,350,"Luxembourg","Feb","LUX",1.26448,28.8459,NA,NA,NA,NA,NA,NA,NA,NA,NA,NA,NA
"351",1930,351,"Luxembourg","Mar","LUX",4.9749,61.1246,NA,NA,NA,NA,NA,NA,NA,NA,NA,NA,NA
"352",1930,352,"Luxembourg","Apr","LUX",9.14767,60.513,NA,NA,NA,NA,NA,NA,NA,NA,NA,NA,NA
"353",1930,353,"Luxembourg","May","LUX",11.6639,115.565,NA,NA,NA,NA,NA,NA,NA,NA,NA,NA,NA
"354",1930,354,"Luxembourg","Jun","LUX",18.0613,54.3692,NA,NA,NA,NA,NA,NA,NA,NA,NA,NA,NA
"355",1930,355,"Luxembourg","Jul","LUX",16.1653,199.434,NA,NA,NA,NA,NA,NA,NA,NA,NA,NA,NA
"356",1930,356,"Luxembourg","Aug","LUX",16.7151,92.072,NA,NA,NA,NA,NA,NA,NA,NA,NA,NA,NA
"357",1930,357,"Luxembourg","Sep","LUX",13.8187,125.32,NA,NA,NA,NA,NA,NA,NA,NA,NA,NA,NA
"358",1930,358,"Luxembourg","Oct","LUX",9.80057,121.307,NA,NA,NA,NA,NA,NA,NA,NA,NA,NA,NA
"359",1930,359,"Luxembourg","Nov","LUX",6.46654,159.801,NA,NA,NA,NA,NA,NA,NA,NA,NA,NA,NA
"360",1930,360,"Luxembourg","Dec","LUX",1.6281,62.2097,NA,NA,NA,NA,NA,NA,NA,NA,NA,NA,NA
"361",1931,361,"Luxembourg","Jan","LUX",1.41476,161.972,NA,NA,NA,NA,NA,NA,NA,NA,NA,NA,NA
"362",1931,362,"Luxembourg","Feb","LUX",0.44751,79.8176,NA,NA,NA,NA,NA,NA,NA,NA,NA,NA,NA
"363",1931,363,"Luxembourg","Mar","LUX",2.63927,17.9119,NA,NA,NA,NA,NA,NA,NA,NA,NA,NA,NA
"364",1931,364,"Luxembourg","Apr","LUX",7.14973,86.1328,NA,NA,NA,NA,NA,NA,NA,NA,NA,NA,NA
"365",1931,365,"Luxembourg","May","LUX",14.0928,56.4972,NA,NA,NA,NA,NA,NA,NA,NA,NA,NA,NA
"366",1931,366,"Luxembourg","Jun","LUX",16.4683,54.8177,NA,NA,NA,NA,NA,NA,NA,NA,NA,NA,NA
"367",1931,367,"Luxembourg","Jul","LUX",16.7547,118.213,NA,NA,NA,NA,NA,NA,NA,NA,NA,NA,NA
"368",1931,368,"Luxembourg","Aug","LUX",15.5782,162.985,NA,NA,NA,NA,NA,NA,NA,NA,NA,NA,NA
"369",1931,369,"Luxembourg","Sep","LUX",10.9998,59.3594,NA,NA,NA,NA,NA,NA,NA,NA,NA,NA,NA
"370",1931,370,"Luxembourg","Oct","LUX",8.18268,62.3752,NA,NA,NA,NA,NA,NA,NA,NA,NA,NA,NA
"371",1931,371,"Luxembourg","Nov","LUX",5.97458,46.4502,NA,NA,NA,NA,NA,NA,NA,NA,NA,NA,NA
"372",1931,372,"Luxembourg","Dec","LUX",1.28853,67.1875,NA,NA,NA,NA,NA,NA,NA,NA,NA,NA,NA
"373",1932,373,"Luxembourg","Jan","LUX",2.76929,69.9311,NA,NA,NA,NA,NA,NA,NA,NA,NA,NA,NA
"374",1932,374,"Luxembourg","Feb","LUX",-0.3697,17.5411,NA,NA,NA,NA,NA,NA,NA,NA,NA,NA,NA
"375",1932,375,"Luxembourg","Mar","LUX",3.01936,57.033,NA,NA,NA,NA,NA,NA,NA,NA,NA,NA,NA
"376",1932,376,"Luxembourg","Apr","LUX",7.04905,109.126,NA,NA,NA,NA,NA,NA,NA,NA,NA,NA,NA
"377",1932,377,"Luxembourg","May","LUX",12.01,68.2687,NA,NA,NA,NA,NA,NA,NA,NA,NA,NA,NA
"378",1932,378,"Luxembourg","Jun","LUX",15.2608,53.267,NA,NA,NA,NA,NA,NA,NA,NA,NA,NA,NA
"379",1932,379,"Luxembourg","Jul","LUX",17.3318,116.641,NA,NA,NA,NA,NA,NA,NA,NA,NA,NA,NA
"380",1932,380,"Luxembourg","Aug","LUX",19.4529,46.8421,NA,NA,NA,NA,NA,NA,NA,NA,NA,NA,NA
"381",1932,381,"Luxembourg","Sep","LUX",15.2875,133.891,NA,NA,NA,NA,NA,NA,NA,NA,NA,NA,NA
"382",1932,382,"Luxembourg","Oct","LUX",9.00571,191.358,NA,NA,NA,NA,NA,NA,NA,NA,NA,NA,NA
"383",1932,383,"Luxembourg","Nov","LUX",4.70168,57.0234,NA,NA,NA,NA,NA,NA,NA,NA,NA,NA,NA
"384",1932,384,"Luxembourg","Dec","LUX",2.30748,19.4755,NA,NA,NA,NA,NA,NA,NA,NA,NA,NA,NA
"385",1933,385,"Luxembourg","Jan","LUX",-0.9579,30.0181,NA,NA,NA,NA,NA,NA,NA,NA,NA,NA,NA
"386",1933,386,"Luxembourg","Feb","LUX",1.75946,58.9064,NA,NA,NA,NA,NA,NA,NA,NA,NA,NA,NA
"387",1933,387,"Luxembourg","Mar","LUX",6.54894,46.4747,NA,NA,NA,NA,NA,NA,NA,NA,NA,NA,NA
"388",1933,388,"Luxembourg","Apr","LUX",8.49289,21.2884,NA,NA,NA,NA,NA,NA,NA,NA,NA,NA,NA
"389",1933,389,"Luxembourg","May","LUX",12.0573,112.544,NA,NA,NA,NA,NA,NA,NA,NA,NA,NA,NA
"390",1933,390,"Luxembourg","Jun","LUX",14.9309,94.4146,NA,NA,NA,NA,NA,NA,NA,NA,NA,NA,NA
"391",1933,391,"Luxembourg","Jul","LUX",18.5405,49.2631,NA,NA,NA,NA,NA,NA,NA,NA,NA,NA,NA
"392",1933,392,"Luxembourg","Aug","LUX",18.2413,61.6501,NA,NA,NA,NA,NA,NA,NA,NA,NA,NA,NA
"393",1933,393,"Luxembourg","Sep","LUX",14.9595,50.8895,NA,NA,NA,NA,NA,NA,NA,NA,NA,NA,NA
"394",1933,394,"Luxembourg","Oct","LUX",9.64398,84.7156,NA,NA,NA,NA,NA,NA,NA,NA,NA,NA,NA
"395",1933,395,"Luxembourg","Nov","LUX",3.14262,54.6129,NA,NA,NA,NA,NA,NA,NA,NA,NA,NA,NA
"396",1933,396,"Luxembourg","Dec","LUX",-3.2319,7.214,NA,NA,NA,NA,NA,NA,NA,NA,NA,NA,NA
"397",1934,397,"Luxembourg","Jan","LUX",1.05013,86.2499,NA,NA,NA,NA,NA,NA,NA,NA,NA,NA,NA
"398",1934,398,"Luxembourg","Feb","LUX",1.47248,19.2175,NA,NA,NA,NA,NA,NA,NA,NA,NA,NA,NA
"399",1934,399,"Luxembourg","Mar","LUX",4.3807,68.6166,NA,NA,NA,NA,NA,NA,NA,NA,NA,NA,NA
"400",1934,400,"Luxembourg","Apr","LUX",10.4942,59.8615,NA,NA,NA,NA,NA,NA,NA,NA,NA,NA,NA
"401",1934,401,"Luxembourg","May","LUX",12.9374,26.7497,NA,NA,NA,NA,NA,NA,NA,NA,NA,NA,NA
"402",1934,402,"Luxembourg","Jun","LUX",16.2121,84.1618,NA,NA,NA,NA,NA,NA,NA,NA,NA,NA,NA
"403",1934,403,"Luxembourg","Jul","LUX",18.5443,37.4422,NA,NA,NA,NA,NA,NA,NA,NA,NA,NA,NA
"404",1934,404,"Luxembourg","Aug","LUX",16.5272,57.2095,NA,NA,NA,NA,NA,NA,NA,NA,NA,NA,NA
"405",1934,405,"Luxembourg","Sep","LUX",16.0551,53.8101,NA,NA,NA,NA,NA,NA,NA,NA,NA,NA,NA
"406",1934,406,"Luxembourg","Oct","LUX",10.4867,98.8564,NA,NA,NA,NA,NA,NA,NA,NA,NA,NA,NA
"407",1934,407,"Luxembourg","Nov","LUX",4.26154,43.6926,NA,NA,NA,NA,NA,NA,NA,NA,NA,NA,NA
"408",1934,408,"Luxembourg","Dec","LUX",5.95581,142.202,NA,NA,NA,NA,NA,NA,NA,NA,NA,NA,NA
"409",1935,409,"Luxembourg","Jan","LUX",0.88499,88.4972,NA,NA,NA,NA,NA,NA,NA,NA,NA,NA,NA
"410",1935,410,"Luxembourg","Feb","LUX",3.19992,116.299,NA,NA,NA,NA,NA,NA,NA,NA,NA,NA,NA
"411",1935,411,"Luxembourg","Mar","LUX",4.60076,32.5374,NA,NA,NA,NA,NA,NA,NA,NA,NA,NA,NA
"412",1935,412,"Luxembourg","Apr","LUX",7.78041,128.664,NA,NA,NA,NA,NA,NA,NA,NA,NA,NA,NA
"413",1935,413,"Luxembourg","May","LUX",10.8549,55.6589,NA,NA,NA,NA,NA,NA,NA,NA,NA,NA,NA
"414",1935,414,"Luxembourg","Jun","LUX",16.945,118.203,NA,NA,NA,NA,NA,NA,NA,NA,NA,NA,NA
"415",1935,415,"Luxembourg","Jul","LUX",18.2284,18.3932,NA,NA,NA,NA,NA,NA,NA,NA,NA,NA,NA
"416",1935,416,"Luxembourg","Aug","LUX",17.3358,57.9725,NA,NA,NA,NA,NA,NA,NA,NA,NA,NA,NA
"417",1935,417,"Luxembourg","Sep","LUX",14.2019,111.066,NA,NA,NA,NA,NA,NA,NA,NA,NA,NA,NA
"418",1935,418,"Luxembourg","Oct","LUX",9.01832,99.1918,NA,NA,NA,NA,NA,NA,NA,NA,NA,NA,NA
"419",1935,419,"Luxembourg","Nov","LUX",5.94474,74.0029,NA,NA,NA,NA,NA,NA,NA,NA,NA,NA,NA
"420",1935,420,"Luxembourg","Dec","LUX",1.39105,96.9276,NA,NA,NA,NA,NA,NA,NA,NA,NA,NA,NA
"421",1936,421,"Luxembourg","Jan","LUX",3.9179,133.441,NA,NA,NA,NA,NA,NA,NA,NA,NA,NA,NA
"422",1936,422,"Luxembourg","Feb","LUX",1.4654,52.1544,NA,NA,NA,NA,NA,NA,NA,NA,NA,NA,NA
"423",1936,423,"Luxembourg","Mar","LUX",6.41897,27.9048,NA,NA,NA,NA,NA,NA,NA,NA,NA,NA,NA
"424",1936,424,"Luxembourg","Apr","LUX",6.45812,106.01,NA,NA,NA,NA,NA,NA,NA,NA,NA,NA,NA
"425",1936,425,"Luxembourg","May","LUX",13.0471,15.6349,NA,NA,NA,NA,NA,NA,NA,NA,NA,NA,NA
"426",1936,426,"Luxembourg","Jun","LUX",16.1129,105.999,NA,NA,NA,NA,NA,NA,NA,NA,NA,NA,NA
"427",1936,427,"Luxembourg","Jul","LUX",16.3733,144.038,NA,NA,NA,NA,NA,NA,NA,NA,NA,NA,NA
"428",1936,428,"Luxembourg","Aug","LUX",16.9409,66.1643,NA,NA,NA,NA,NA,NA,NA,NA,NA,NA,NA
"429",1936,429,"Luxembourg","Sep","LUX",14.1016,99.1398,NA,NA,NA,NA,NA,NA,NA,NA,NA,NA,NA
"430",1936,430,"Luxembourg","Oct","LUX",7.4749,83.7867,NA,NA,NA,NA,NA,NA,NA,NA,NA,NA,NA
"431",1936,431,"Luxembourg","Nov","LUX",4.43967,76.7304,NA,NA,NA,NA,NA,NA,NA,NA,NA,NA,NA
"432",1936,432,"Luxembourg","Dec","LUX",2.19579,56.1414,NA,NA,NA,NA,NA,NA,NA,NA,NA,NA,NA
"433",1937,433,"Luxembourg","Jan","LUX",2.33128,133.926,NA,NA,NA,NA,NA,NA,NA,NA,NA,NA,NA
"434",1937,434,"Luxembourg","Feb","LUX",4.24777,149.211,NA,NA,NA,NA,NA,NA,NA,NA,NA,NA,NA
"435",1937,435,"Luxembourg","Mar","LUX",3.39477,98.4837,NA,NA,NA,NA,NA,NA,NA,NA,NA,NA,NA
"436",1937,436,"Luxembourg","Apr","LUX",8.57326,123.927,NA,NA,NA,NA,NA,NA,NA,NA,NA,NA,NA
"437",1937,437,"Luxembourg","May","LUX",14.3081,82.8099,NA,NA,NA,NA,NA,NA,NA,NA,NA,NA,NA
"438",1937,438,"Luxembourg","Jun","LUX",16.0513,50.5006,NA,NA,NA,NA,NA,NA,NA,NA,NA,NA,NA
"439",1937,439,"Luxembourg","Jul","LUX",17.1768,47.7363,NA,NA,NA,NA,NA,NA,NA,NA,NA,NA,NA
"440",1937,440,"Luxembourg","Aug","LUX",17.6548,63.621,NA,NA,NA,NA,NA,NA,NA,NA,NA,NA,NA
"441",1937,441,"Luxembourg","Sep","LUX",13.6242,98.1031,NA,NA,NA,NA,NA,NA,NA,NA,NA,NA,NA
"442",1937,442,"Luxembourg","Oct","LUX",10.2146,41.1206,NA,NA,NA,NA,NA,NA,NA,NA,NA,NA,NA
"443",1937,443,"Luxembourg","Nov","LUX",3.81727,34.5116,NA,NA,NA,NA,NA,NA,NA,NA,NA,NA,NA
"444",1937,444,"Luxembourg","Dec","LUX",0.69183,81.9218,NA,NA,NA,NA,NA,NA,NA,NA,NA,NA,NA
"445",1938,445,"Luxembourg","Jan","LUX",2.68676,161.091,NA,NA,NA,NA,NA,NA,NA,NA,NA,NA,NA
"446",1938,446,"Luxembourg","Feb","LUX",2.13157,54.6217,NA,NA,NA,NA,NA,NA,NA,NA,NA,NA,NA
"447",1938,447,"Luxembourg","Mar","LUX",7.72888,26.7932,NA,NA,NA,NA,NA,NA,NA,NA,NA,NA,NA
"448",1938,448,"Luxembourg","Apr","LUX",6.07314,28.6277,NA,NA,NA,NA,NA,NA,NA,NA,NA,NA,NA
"449",1938,449,"Luxembourg","May","LUX",10.9583,72.7166,NA,NA,NA,NA,NA,NA,NA,NA,NA,NA,NA
"450",1938,450,"Luxembourg","Jun","LUX",16.1548,33.1188,NA,NA,NA,NA,NA,NA,NA,NA,NA,NA,NA
"451",1938,451,"Luxembourg","Jul","LUX",16.4381,84.214,NA,NA,NA,NA,NA,NA,NA,NA,NA,NA,NA
"452",1938,452,"Luxembourg","Aug","LUX",17.5318,113.2,NA,NA,NA,NA,NA,NA,NA,NA,NA,NA,NA
"453",1938,453,"Luxembourg","Sep","LUX",14.7936,39.4254,NA,NA,NA,NA,NA,NA,NA,NA,NA,NA,NA
"454",1938,454,"Luxembourg","Oct","LUX",9.10831,82.118,NA,NA,NA,NA,NA,NA,NA,NA,NA,NA,NA
"455",1938,455,"Luxembourg","Nov","LUX",7.69407,92.7517,NA,NA,NA,NA,NA,NA,NA,NA,NA,NA,NA
"456",1938,456,"Luxembourg","Dec","LUX",-0.2756,71.5512,NA,NA,NA,NA,NA,NA,NA,NA,NA,NA,NA
"457",1939,457,"Luxembourg","Jan","LUX",3.33566,130.395,NA,NA,NA,NA,NA,NA,NA,NA,NA,NA,NA
"458",1939,458,"Luxembourg","Feb","LUX",2.5353,42.6425,NA,NA,NA,NA,NA,NA,NA,NA,NA,NA,NA
"459",1939,459,"Luxembourg","Mar","LUX",3.78526,100.576,NA,NA,NA,NA,NA,NA,NA,NA,NA,NA,NA
"460",1939,460,"Luxembourg","Apr","LUX",9.35494,84.058,NA,NA,NA,NA,NA,NA,NA,NA,NA,NA,NA
"461",1939,461,"Luxembourg","May","LUX",11.3423,39.8922,NA,NA,NA,NA,NA,NA,NA,NA,NA,NA,NA
"462",1939,462,"Luxembourg","Jun","LUX",16.3925,59.6226,NA,NA,NA,NA,NA,NA,NA,NA,NA,NA,NA
"463",1939,463,"Luxembourg","Jul","LUX",16.6678,74.6855,NA,NA,NA,NA,NA,NA,NA,NA,NA,NA,NA
"464",1939,464,"Luxembourg","Aug","LUX",17.4918,89.4295,NA,NA,NA,NA,NA,NA,NA,NA,NA,NA,NA
"465",1939,465,"Luxembourg","Sep","LUX",14.0728,78.9974,NA,NA,NA,NA,NA,NA,NA,NA,NA,NA,NA
"466",1939,466,"Luxembourg","Oct","LUX",7.74672,171.434,NA,NA,NA,NA,NA,NA,NA,NA,NA,NA,NA
"467",1939,467,"Luxembourg","Nov","LUX",6.8118,173.46,NA,NA,NA,NA,NA,NA,NA,NA,NA,NA,NA
"468",1939,468,"Luxembourg","Dec","LUX",0.13003,48.5464,NA,NA,NA,NA,NA,NA,NA,NA,NA,NA,NA
"469",1940,469,"Luxembourg","Jan","LUX",-5.9737,45.5633,NA,NA,NA,NA,NA,NA,NA,NA,NA,NA,NA
"470",1940,470,"Luxembourg","Feb","LUX",-0.2432,55.1167,NA,NA,NA,NA,NA,NA,NA,NA,NA,NA,NA
"471",1940,471,"Luxembourg","Mar","LUX",5.03138,105.363,NA,NA,NA,NA,NA,NA,NA,NA,NA,NA,NA
"472",1940,472,"Luxembourg","Apr","LUX",8.70019,100.136,NA,NA,NA,NA,NA,NA,NA,NA,NA,NA,NA
"473",1940,473,"Luxembourg","May","LUX",12.8975,28.4273,NA,NA,NA,NA,NA,NA,NA,NA,NA,NA,NA
"474",1940,474,"Luxembourg","Jun","LUX",16.6379,89.9801,NA,NA,NA,NA,NA,NA,NA,NA,NA,NA,NA
"475",1940,475,"Luxembourg","Jul","LUX",15.8974,124.371,NA,NA,NA,NA,NA,NA,NA,NA,NA,NA,NA
"476",1940,476,"Luxembourg","Aug","LUX",15.1998,61.3438,NA,NA,NA,NA,NA,NA,NA,NA,NA,NA,NA
"477",1940,477,"Luxembourg","Sep","LUX",13.282,117.796,NA,NA,NA,NA,NA,NA,NA,NA,NA,NA,NA
"478",1940,478,"Luxembourg","Oct","LUX",8.55081,35.6258,NA,NA,NA,NA,NA,NA,NA,NA,NA,NA,NA
"479",1940,479,"Luxembourg","Nov","LUX",5.85033,153.308,NA,NA,NA,NA,NA,NA,NA,NA,NA,NA,NA
"480",1940,480,"Luxembourg","Dec","LUX",-0.6752,105.442,NA,NA,NA,NA,NA,NA,NA,NA,NA,NA,NA
"481",1941,481,"Luxembourg","Jan","LUX",-3.078,78.8798,NA,NA,NA,NA,NA,NA,NA,NA,NA,NA,NA
"482",1941,482,"Luxembourg","Feb","LUX",1.3668,66.8058,NA,NA,NA,NA,NA,NA,NA,NA,NA,NA,NA
"483",1941,483,"Luxembourg","Mar","LUX",5.31731,84.4806,NA,NA,NA,NA,NA,NA,NA,NA,NA,NA,NA
"484",1941,484,"Luxembourg","Apr","LUX",6.75528,39.8916,NA,NA,NA,NA,NA,NA,NA,NA,NA,NA,NA
"485",1941,485,"Luxembourg","May","LUX",9.5335,47.4606,NA,NA,NA,NA,NA,NA,NA,NA,NA,NA,NA
"486",1941,486,"Luxembourg","Jun","LUX",16.7112,98.023,NA,NA,NA,NA,NA,NA,NA,NA,NA,NA,NA
"487",1941,487,"Luxembourg","Jul","LUX",18.6432,65.3077,NA,NA,NA,NA,NA,NA,NA,NA,NA,NA,NA
"488",1941,488,"Luxembourg","Aug","LUX",15.2571,145.396,NA,NA,NA,NA,NA,NA,NA,NA,NA,NA,NA
"489",1941,489,"Luxembourg","Sep","LUX",13.9012,27.214,NA,NA,NA,NA,NA,NA,NA,NA,NA,NA,NA
"490",1941,490,"Luxembourg","Oct","LUX",9.03465,111.763,NA,NA,NA,NA,NA,NA,NA,NA,NA,NA,NA
"491",1941,491,"Luxembourg","Nov","LUX",3.70334,35.026,NA,NA,NA,NA,NA,NA,NA,NA,NA,NA,NA
"492",1941,492,"Luxembourg","Dec","LUX",2.68824,95.4202,NA,NA,NA,NA,NA,NA,NA,NA,NA,NA,NA
"493",1942,493,"Luxembourg","Jan","LUX",-5.3276,68.3713,NA,NA,NA,NA,NA,NA,NA,NA,NA,NA,NA
"494",1942,494,"Luxembourg","Feb","LUX",-4.2932,38.2267,NA,NA,NA,NA,NA,NA,NA,NA,NA,NA,NA
"495",1942,495,"Luxembourg","Mar","LUX",4.2174,56.5473,NA,NA,NA,NA,NA,NA,NA,NA,NA,NA,NA
"496",1942,496,"Luxembourg","Apr","LUX",9.34644,26.5802,NA,NA,NA,NA,NA,NA,NA,NA,NA,NA,NA
"497",1942,497,"Luxembourg","May","LUX",12.3108,97.7395,NA,NA,NA,NA,NA,NA,NA,NA,NA,NA,NA
"498",1942,498,"Luxembourg","Jun","LUX",15.2742,64.4393,NA,NA,NA,NA,NA,NA,NA,NA,NA,NA,NA
"499",1942,499,"Luxembourg","Jul","LUX",16.4233,158.407,NA,NA,NA,NA,NA,NA,NA,NA,NA,NA,NA
"500",1942,500,"Luxembourg","Aug","LUX",17.7613,51.1621,NA,NA,NA,NA,NA,NA,NA,NA,NA,NA,NA
"501",1942,501,"Luxembourg","Sep","LUX",15.1219,67.2507,NA,NA,NA,NA,NA,NA,NA,NA,NA,NA,NA
"502",1942,502,"Luxembourg","Oct","LUX",11.6751,104.903,NA,NA,NA,NA,NA,NA,NA,NA,NA,NA,NA
"503",1942,503,"Luxembourg","Nov","LUX",4.08882,57.0415,NA,NA,NA,NA,NA,NA,NA,NA,NA,NA,NA
"504",1942,504,"Luxembourg","Dec","LUX",2.9919,68.3997,NA,NA,NA,NA,NA,NA,NA,NA,NA,NA,NA
"505",1943,505,"Luxembourg","Jan","LUX",2.01554,101.207,NA,NA,NA,NA,NA,NA,NA,NA,NA,NA,NA
"506",1943,506,"Luxembourg","Feb","LUX",3.59897,51.7125,NA,NA,NA,NA,NA,NA,NA,NA,NA,NA,NA
"507",1943,507,"Luxembourg","Mar","LUX",6.38437,37.7966,NA,NA,NA,NA,NA,NA,NA,NA,NA,NA,NA
"508",1943,508,"Luxembourg","Apr","LUX",10.3718,77.0652,NA,NA,NA,NA,NA,NA,NA,NA,NA,NA,NA
"509",1943,509,"Luxembourg","May","LUX",13.5288,82.0091,NA,NA,NA,NA,NA,NA,NA,NA,NA,NA,NA
"510",1943,510,"Luxembourg","Jun","LUX",14.6908,88.8761,NA,NA,NA,NA,NA,NA,NA,NA,NA,NA,NA
"511",1943,511,"Luxembourg","Jul","LUX",17.7915,85.2793,NA,NA,NA,NA,NA,NA,NA,NA,NA,NA,NA
"512",1943,512,"Luxembourg","Aug","LUX",17.6056,92.9851,NA,NA,NA,NA,NA,NA,NA,NA,NA,NA,NA
"513",1943,513,"Luxembourg","Sep","LUX",13.7957,63.8812,NA,NA,NA,NA,NA,NA,NA,NA,NA,NA,NA
"514",1943,514,"Luxembourg","Oct","LUX",10.7337,34.837,NA,NA,NA,NA,NA,NA,NA,NA,NA,NA,NA
"515",1943,515,"Luxembourg","Nov","LUX",3.71076,136.249,NA,NA,NA,NA,NA,NA,NA,NA,NA,NA,NA
"516",1943,516,"Luxembourg","Dec","LUX",0.7986,47.8376,NA,NA,NA,NA,NA,NA,NA,NA,NA,NA,NA
"517",1944,517,"Luxembourg","Jan","LUX",3.48153,102.015,NA,NA,NA,NA,NA,NA,NA,NA,NA,NA,NA
"518",1944,518,"Luxembourg","Feb","LUX",0.06272,65.2154,NA,NA,NA,NA,NA,NA,NA,NA,NA,NA,NA
"519",1944,519,"Luxembourg","Mar","LUX",2.63773,41.5212,NA,NA,NA,NA,NA,NA,NA,NA,NA,NA,NA
"520",1944,520,"Luxembourg","Apr","LUX",9.82143,36.4436,NA,NA,NA,NA,NA,NA,NA,NA,NA,NA,NA
"521",1944,521,"Luxembourg","May","LUX",11.9896,24.754,NA,NA,NA,NA,NA,NA,NA,NA,NA,NA,NA
"522",1944,522,"Luxembourg","Jun","LUX",14.3787,97.8163,NA,NA,NA,NA,NA,NA,NA,NA,NA,NA,NA
"523",1944,523,"Luxembourg","Jul","LUX",17.2142,98.575,NA,NA,NA,NA,NA,NA,NA,NA,NA,NA,NA
"524",1944,524,"Luxembourg","Aug","LUX",19.6322,63.3645,NA,NA,NA,NA,NA,NA,NA,NA,NA,NA,NA
"525",1944,525,"Luxembourg","Sep","LUX",13.0627,126.871,NA,NA,NA,NA,NA,NA,NA,NA,NA,NA,NA
"526",1944,526,"Luxembourg","Oct","LUX",8.71183,118.107,NA,NA,NA,NA,NA,NA,NA,NA,NA,NA,NA
"527",1944,527,"Luxembourg","Nov","LUX",4.91444,180.3,NA,NA,NA,NA,NA,NA,NA,NA,NA,NA,NA
"528",1944,528,"Luxembourg","Dec","LUX",1.34031,98.6642,NA,NA,NA,NA,NA,NA,NA,NA,NA,NA,NA
"529",1945,529,"Luxembourg","Jan","LUX",-3.9451,74.9886,NA,NA,NA,NA,NA,NA,NA,NA,NA,NA,NA
"530",1945,530,"Luxembourg","Feb","LUX",5.21968,87.9753,NA,NA,NA,NA,NA,NA,NA,NA,NA,NA,NA
"531",1945,531,"Luxembourg","Mar","LUX",6.97877,47.9729,NA,NA,NA,NA,NA,NA,NA,NA,NA,NA,NA
"532",1945,532,"Luxembourg","Apr","LUX",10.2081,67.4316,NA,NA,NA,NA,NA,NA,NA,NA,NA,NA,NA
"533",1945,533,"Luxembourg","May","LUX",14.3932,91.195,NA,NA,NA,NA,NA,NA,NA,NA,NA,NA,NA
"534",1945,534,"Luxembourg","Jun","LUX",16.9375,69.5925,NA,NA,NA,NA,NA,NA,NA,NA,NA,NA,NA
"535",1945,535,"Luxembourg","Jul","LUX",18.5234,54.9685,NA,NA,NA,NA,NA,NA,NA,NA,NA,NA,NA
"536",1945,536,"Luxembourg","Aug","LUX",16.5886,111.832,NA,NA,NA,NA,NA,NA,NA,NA,NA,NA,NA
"537",1945,537,"Luxembourg","Sep","LUX",14.7052,92.2228,NA,NA,NA,NA,NA,NA,NA,NA,NA,NA,NA
"538",1945,538,"Luxembourg","Oct","LUX",10.638,32.9886,NA,NA,NA,NA,NA,NA,NA,NA,NA,NA,NA
"539",1945,539,"Luxembourg","Nov","LUX",4.03828,45.3263,NA,NA,NA,NA,NA,NA,NA,NA,NA,NA,NA
"540",1945,540,"Luxembourg","Dec","LUX",2.54588,94.4101,NA,NA,NA,NA,NA,NA,NA,NA,NA,NA,NA
"541",1946,541,"Luxembourg","Jan","LUX",-1.1358,75.1824,NA,NA,NA,NA,NA,NA,NA,NA,NA,NA,NA
"542",1946,542,"Luxembourg","Feb","LUX",4.04969,166.834,NA,NA,NA,NA,NA,NA,NA,NA,NA,NA,NA
"543",1946,543,"Luxembourg","Mar","LUX",4.63013,31.2407,NA,NA,NA,NA,NA,NA,NA,NA,NA,NA,NA
"544",1946,544,"Luxembourg","Apr","LUX",10.2788,51.2568,NA,NA,NA,NA,NA,NA,NA,NA,NA,NA,NA
"545",1946,545,"Luxembourg","May","LUX",12.9982,77.4278,NA,NA,NA,NA,NA,NA,NA,NA,NA,NA,NA
"546",1946,546,"Luxembourg","Jun","LUX",14.7053,108.878,NA,NA,NA,NA,NA,NA,NA,NA,NA,NA,NA
"547",1946,547,"Luxembourg","Jul","LUX",18.3016,64.9486,NA,NA,NA,NA,NA,NA,NA,NA,NA,NA,NA
"548",1946,548,"Luxembourg","Aug","LUX",16.5387,74.9164,NA,NA,NA,NA,NA,NA,NA,NA,NA,NA,NA
"549",1946,549,"Luxembourg","Sep","LUX",14.7876,89.846,NA,NA,NA,NA,NA,NA,NA,NA,NA,NA,NA
"550",1946,550,"Luxembourg","Oct","LUX",8.95163,45.7477,NA,NA,NA,NA,NA,NA,NA,NA,NA,NA,NA
"551",1946,551,"Luxembourg","Nov","LUX",5.32474,54.6994,NA,NA,NA,NA,NA,NA,NA,NA,NA,NA,NA
"552",1946,552,"Luxembourg","Dec","LUX",-0.9039,75.8388,NA,NA,NA,NA,NA,NA,NA,NA,NA,NA,NA
"553",1947,553,"Luxembourg","Jan","LUX",-2.2022,43.7027,NA,NA,NA,NA,NA,NA,NA,NA,NA,NA,NA
"554",1947,554,"Luxembourg","Feb","LUX",-3.5024,37.1208,NA,NA,NA,NA,NA,NA,NA,NA,NA,NA,NA
"555",1947,555,"Luxembourg","Mar","LUX",4.35,113.68,NA,NA,NA,NA,NA,NA,NA,NA,NA,NA,NA
"556",1947,556,"Luxembourg","Apr","LUX",10.2275,89.9067,NA,NA,NA,NA,NA,NA,NA,NA,NA,NA,NA
"557",1947,557,"Luxembourg","May","LUX",15.2738,61.587,NA,NA,NA,NA,NA,NA,NA,NA,NA,NA,NA
"558",1947,558,"Luxembourg","Jun","LUX",17.87,58.9744,NA,NA,NA,NA,NA,NA,NA,NA,NA,NA,NA
"559",1947,559,"Luxembourg","Jul","LUX",19.7147,82.8539,NA,NA,NA,NA,NA,NA,NA,NA,NA,NA,NA
"560",1947,560,"Luxembourg","Aug","LUX",20.5193,28.1791,NA,NA,NA,NA,NA,NA,NA,NA,NA,NA,NA
"561",1947,561,"Luxembourg","Sep","LUX",17.1766,40.3625,NA,NA,NA,NA,NA,NA,NA,NA,NA,NA,NA
"562",1947,562,"Luxembourg","Oct","LUX",9.68861,28.7078,NA,NA,NA,NA,NA,NA,NA,NA,NA,NA,NA
"563",1947,563,"Luxembourg","Nov","LUX",6.10376,117.901,NA,NA,NA,NA,NA,NA,NA,NA,NA,NA,NA
"564",1947,564,"Luxembourg","Dec","LUX",2.52348,161.259,NA,NA,NA,NA,NA,NA,NA,NA,NA,NA,NA
"565",1948,565,"Luxembourg","Jan","LUX",4.31382,180.122,NA,NA,NA,NA,NA,NA,NA,NA,NA,NA,NA
"566",1948,566,"Luxembourg","Feb","LUX",2.07615,66.5941,NA,NA,NA,NA,NA,NA,NA,NA,NA,NA,NA
"567",1948,567,"Luxembourg","Mar","LUX",7.64828,36.8131,NA,NA,NA,NA,NA,NA,NA,NA,NA,NA,NA
"568",1948,568,"Luxembourg","Apr","LUX",9.85439,97.2899,NA,NA,NA,NA,NA,NA,NA,NA,NA,NA,NA
"569",1948,569,"Luxembourg","May","LUX",13.6359,56.2924,NA,NA,NA,NA,NA,NA,NA,NA,NA,NA,NA
"570",1948,570,"Luxembourg","Jun","LUX",15.5298,94.0384,NA,NA,NA,NA,NA,NA,NA,NA,NA,NA,NA
"571",1948,571,"Luxembourg","Jul","LUX",16.4192,146.276,NA,NA,NA,NA,NA,NA,NA,NA,NA,NA,NA
"572",1948,572,"Luxembourg","Aug","LUX",16.7102,132.243,NA,NA,NA,NA,NA,NA,NA,NA,NA,NA,NA
"573",1948,573,"Luxembourg","Sep","LUX",14.1598,49.0274,NA,NA,NA,NA,NA,NA,NA,NA,NA,NA,NA
"574",1948,574,"Luxembourg","Oct","LUX",9.56481,36.318,NA,NA,NA,NA,NA,NA,NA,NA,NA,NA,NA
"575",1948,575,"Luxembourg","Nov","LUX",4.80875,54.3226,NA,NA,NA,NA,NA,NA,NA,NA,NA,NA,NA
"576",1948,576,"Luxembourg","Dec","LUX",2.5026,65.5221,NA,NA,NA,NA,NA,NA,NA,NA,NA,NA,NA
"577",1949,577,"Luxembourg","Jan","LUX",2.25166,47.1025,9.4,13.7,5.4,NA,14.6,101,17,7,59,0,2
"578",1949,582,"Luxembourg","Jun","LUX",15.0099,49.3899,9.4,13.7,5.4,NA,14.6,101,17,7,59,0,2
"579",1949,583,"Luxembourg","Jul","LUX",18.7032,16.5542,9.4,13.7,5.4,NA,14.6,101,17,7,59,0,2
"580",1949,584,"Luxembourg","Aug","LUX",17.9184,87.1571,9.4,13.7,5.4,NA,14.6,101,17,7,59,0,2
"581",1949,585,"Luxembourg","Sep","LUX",17.6832,72.267,9.4,13.7,5.4,NA,14.6,101,17,7,59,0,2
"582",1949,586,"Luxembourg","Oct","LUX",11.4736,58.9229,9.4,13.7,5.4,NA,14.6,101,17,7,59,0,2
"583",1949,587,"Luxembourg","Nov","LUX",4.19373,87.7061,9.4,13.7,5.4,NA,14.6,101,17,7,59,0,2
"584",1949,588,"Luxembourg","Dec","LUX",3.44325,96.6265,9.4,13.7,5.4,NA,14.6,101,17,7,59,0,2
"585",1949,579,"Luxembourg","Mar","LUX",3.80535,55.8389,9.4,13.7,5.4,NA,14.6,101,17,7,59,0,2
"586",1949,580,"Luxembourg","Apr","LUX",11.2295,47.9101,9.4,13.7,5.4,NA,14.6,101,17,7,59,0,2
"587",1949,581,"Luxembourg","May","LUX",11.6221,104.951,9.4,13.7,5.4,NA,14.6,101,17,7,59,0,2
"588",1949,578,"Luxembourg","Feb","LUX",3.11104,43.075,9.4,13.7,5.4,NA,14.6,101,17,7,59,0,2
"589",1950,589,"Luxembourg","Jan","LUX",0.0811,67.3738,8.4,12.1,5.2,NA,15.3,125,28,11,41,0,2
"590",1950,590,"Luxembourg","Feb","LUX",4.72495,136.805,8.4,12.1,5.2,NA,15.3,125,28,11,41,0,2
"591",1950,591,"Luxembourg","Mar","LUX",6.14349,25.4338,8.4,12.1,5.2,NA,15.3,125,28,11,41,0,2
"592",1950,595,"Luxembourg","Jul","LUX",18.7097,79.3157,8.4,12.1,5.2,NA,15.3,125,28,11,41,0,2
"593",1950,596,"Luxembourg","Aug","LUX",17.6945,98.2961,8.4,12.1,5.2,NA,15.3,125,28,11,41,0,2
"594",1950,597,"Luxembourg","Sep","LUX",13.3254,112.198,8.4,12.1,5.2,NA,15.3,125,28,11,41,0,2
"595",1950,598,"Luxembourg","Oct","LUX",8.94702,36.6598,8.4,12.1,5.2,NA,15.3,125,28,11,41,0,2
"596",1950,599,"Luxembourg","Nov","LUX",4.94825,150.045,8.4,12.1,5.2,NA,15.3,125,28,11,41,0,2
"597",1950,600,"Luxembourg","Dec","LUX",-1.685,121.191,8.4,12.1,5.2,NA,15.3,125,28,11,41,0,2
"598",1950,592,"Luxembourg","Apr","LUX",7.36003,113.093,8.4,12.1,5.2,NA,15.3,125,28,11,41,0,2
"599",1950,593,"Luxembourg","May","LUX",13.5141,73.0305,8.4,12.1,5.2,NA,15.3,125,28,11,41,0,2
"600",1950,594,"Luxembourg","Jun","LUX",18.0551,79.7142,8.4,12.1,5.2,NA,15.3,125,28,11,41,0,2
"601",1951,604,"Luxembourg","Apr","LUX",7.14265,87.085,NA,NA,NA,NA,NA,NA,NA,NA,NA,NA,NA
"602",1951,601,"Luxembourg","Jan","LUX",2.69419,109.02,NA,NA,NA,NA,NA,NA,NA,NA,NA,NA,NA
"603",1951,602,"Luxembourg","Feb","LUX",3.10669,61.5376,NA,NA,NA,NA,NA,NA,NA,NA,NA,NA,NA
"604",1951,603,"Luxembourg","Mar","LUX",3.49892,108.232,NA,NA,NA,NA,NA,NA,NA,NA,NA,NA,NA
"605",1951,608,"Luxembourg","Aug","LUX",16.5761,101.356,NA,NA,NA,NA,NA,NA,NA,NA,NA,NA,NA
"606",1951,609,"Luxembourg","Sep","LUX",14.8777,83.4367,NA,NA,NA,NA,NA,NA,NA,NA,NA,NA,NA
"607",1951,610,"Luxembourg","Oct","LUX",8.09026,18.882,NA,NA,NA,NA,NA,NA,NA,NA,NA,NA,NA
"608",1951,611,"Luxembourg","Nov","LUX",7.05254,138.521,NA,NA,NA,NA,NA,NA,NA,NA,NA,NA,NA
"609",1951,612,"Luxembourg","Dec","LUX",2.45983,75.6625,NA,NA,NA,NA,NA,NA,NA,NA,NA,NA,NA
"610",1951,605,"Luxembourg","May","LUX",11.644,82.2147,NA,NA,NA,NA,NA,NA,NA,NA,NA,NA,NA
"611",1951,606,"Luxembourg","Jun","LUX",14.9835,104.913,NA,NA,NA,NA,NA,NA,NA,NA,NA,NA,NA
"612",1951,607,"Luxembourg","Jul","LUX",16.9678,67.1341,NA,NA,NA,NA,NA,NA,NA,NA,NA,NA,NA
"613",1952,613,"Luxembourg","Jan","LUX",0.66225,151.561,NA,NA,NA,NA,NA,NA,NA,NA,NA,NA,NA
"614",1952,617,"Luxembourg","May","LUX",13.2571,49.4341,NA,NA,NA,NA,NA,NA,NA,NA,NA,NA,NA
"615",1952,614,"Luxembourg","Feb","LUX",0.58662,85.5751,NA,NA,NA,NA,NA,NA,NA,NA,NA,NA,NA
"616",1952,615,"Luxembourg","Mar","LUX",5.18222,95.8935,NA,NA,NA,NA,NA,NA,NA,NA,NA,NA,NA
"617",1952,616,"Luxembourg","Apr","LUX",10.6626,24.4479,NA,NA,NA,NA,NA,NA,NA,NA,NA,NA,NA
"618",1952,623,"Luxembourg","Nov","LUX",2.41812,162.637,NA,NA,NA,NA,NA,NA,NA,NA,NA,NA,NA
"619",1952,624,"Luxembourg","Dec","LUX",0.53046,153.285,NA,NA,NA,NA,NA,NA,NA,NA,NA,NA,NA
"620",1952,618,"Luxembourg","Jun","LUX",15.7847,59.1531,NA,NA,NA,NA,NA,NA,NA,NA,NA,NA,NA
"621",1952,619,"Luxembourg","Jul","LUX",18.6395,64.2194,NA,NA,NA,NA,NA,NA,NA,NA,NA,NA,NA
"622",1952,620,"Luxembourg","Aug","LUX",17.688,128.363,NA,NA,NA,NA,NA,NA,NA,NA,NA,NA,NA
"623",1952,621,"Luxembourg","Sep","LUX",10.8649,114.801,NA,NA,NA,NA,NA,NA,NA,NA,NA,NA,NA
"624",1952,622,"Luxembourg","Oct","LUX",7.87747,95.1815,NA,NA,NA,NA,NA,NA,NA,NA,NA,NA,NA
"625",1953,626,"Luxembourg","Feb","LUX",0.85812,73.787,9,13,5.7,NA,16.5,102,17,6,63,0,0
"626",1953,627,"Luxembourg","Mar","LUX",5.35421,13.6006,9,13,5.7,NA,16.5,102,17,6,63,0,0
"627",1953,628,"Luxembourg","Apr","LUX",9.04382,65.6695,9,13,5.7,NA,16.5,102,17,6,63,0,0
"628",1953,625,"Luxembourg","Jan","LUX",-0.9741,32.4936,9,13,5.7,NA,16.5,102,17,6,63,0,0
"629",1953,630,"Luxembourg","Jun","LUX",15.3111,108.473,9,13,5.7,NA,16.5,102,17,6,63,0,0
"630",1953,631,"Luxembourg","Jul","LUX",16.7793,116.219,9,13,5.7,NA,16.5,102,17,6,63,0,0
"631",1953,632,"Luxembourg","Aug","LUX",16.7606,47.5598,9,13,5.7,NA,16.5,102,17,6,63,0,0
"632",1953,629,"Luxembourg","May","LUX",13.647,48.652,9,13,5.7,NA,16.5,102,17,6,63,0,0
"633",1953,636,"Luxembourg","Dec","LUX",3.82437,40.9286,9,13,5.7,NA,16.5,102,17,6,63,0,0
"634",1953,633,"Luxembourg","Sep","LUX",14.0467,58.3184,9,13,5.7,NA,16.5,102,17,6,63,0,0
"635",1953,634,"Luxembourg","Oct","LUX",10.7638,25.9015,9,13,5.7,NA,16.5,102,17,6,63,0,0
"636",1953,635,"Luxembourg","Nov","LUX",4.89691,16.8666,9,13,5.7,NA,16.5,102,17,6,63,0,0
"637",1954,637,"Luxembourg","Jan","LUX",-2.0812,85.9884,7.8,11.5,4.6,NA,15.6,154,25,3,59,0,1
"638",1954,638,"Luxembourg","Feb","LUX",-1.029,47.9345,7.8,11.5,4.6,NA,15.6,154,25,3,59,0,1
"639",1954,639,"Luxembourg","Mar","LUX",5.81776,46.7014,7.8,11.5,4.6,NA,15.6,154,25,3,59,0,1
"640",1954,640,"Luxembourg","Apr","LUX",6.59659,42.2889,7.8,11.5,4.6,NA,15.6,154,25,3,59,0,1
"641",1954,641,"Luxembourg","May","LUX",12.2307,50.3502,7.8,11.5,4.6,NA,15.6,154,25,3,59,0,1
"642",1954,642,"Luxembourg","Jun","LUX",15.3266,88.2743,7.8,11.5,4.6,NA,15.6,154,25,3,59,0,1
"643",1954,643,"Luxembourg","Jul","LUX",14.5958,109.962,7.8,11.5,4.6,NA,15.6,154,25,3,59,0,1
"644",1954,644,"Luxembourg","Aug","LUX",15.6826,147.891,7.8,11.5,4.6,NA,15.6,154,25,3,59,0,1
"645",1954,645,"Luxembourg","Sep","LUX",13.4627,124.511,7.8,11.5,4.6,NA,15.6,154,25,3,59,0,1
"646",1954,646,"Luxembourg","Oct","LUX",10.5505,86.6586,7.8,11.5,4.6,NA,15.6,154,25,3,59,0,1
"647",1954,647,"Luxembourg","Nov","LUX",5.31239,63.7532,7.8,11.5,4.6,NA,15.6,154,25,3,59,0,1
"648",1954,648,"Luxembourg","Dec","LUX",4.00824,105.906,7.8,11.5,4.6,NA,15.6,154,25,3,59,0,1
"649",1955,650,"Luxembourg","Feb","LUX",-0.2903,96.7652,7.9,11.8,4.5,NA,13.8,120,29,10,64,0,1
"650",1955,654,"Luxembourg","Jun","LUX",14.9946,77.2535,7.9,11.8,4.5,NA,13.8,120,29,10,64,0,1
"651",1955,651,"Luxembourg","Mar","LUX",1.85346,36.6102,7.9,11.8,4.5,NA,13.8,120,29,10,64,0,1
"652",1955,652,"Luxembourg","Apr","LUX",8.16863,23.4152,7.9,11.8,4.5,NA,13.8,120,29,10,64,0,1
"653",1955,653,"Luxembourg","May","LUX",10.5455,104.001,7.9,11.8,4.5,NA,13.8,120,29,10,64,0,1
"654",1955,658,"Luxembourg","Oct","LUX",8.12916,49.4657,7.9,11.8,4.5,NA,13.8,120,29,10,64,0,1
"655",1955,655,"Luxembourg","Jul","LUX",17.4746,64.9774,7.9,11.8,4.5,NA,13.8,120,29,10,64,0,1
"656",1955,656,"Luxembourg","Aug","LUX",17.1826,44.1557,7.9,11.8,4.5,NA,13.8,120,29,10,64,0,1
"657",1955,657,"Luxembourg","Sep","LUX",13.8549,68.6067,7.9,11.8,4.5,NA,13.8,120,29,10,64,0,1
"658",1955,649,"Luxembourg","Jan","LUX",-0.5698,97.1828,7.9,11.8,4.5,NA,13.8,120,29,10,64,0,1
"659",1955,659,"Luxembourg","Nov","LUX",4.39691,38.314,7.9,11.8,4.5,NA,13.8,120,29,10,64,0,1
"660",1955,660,"Luxembourg","Dec","LUX",3.36603,137.534,7.9,11.8,4.5,NA,13.8,120,29,10,64,0,1
"661",1956,664,"Luxembourg","Apr","LUX",6.01896,63.129,NA,NA,NA,NA,NA,NA,NA,NA,NA,NA,NA
"662",1956,667,"Luxembourg","Jul","LUX",16.5105,85.7566,NA,NA,NA,NA,NA,NA,NA,NA,NA,NA,NA
"663",1956,668,"Luxembourg","Aug","LUX",14.2071,126.069,NA,NA,NA,NA,NA,NA,NA,NA,NA,NA,NA
"664",1956,665,"Luxembourg","May","LUX",12.7753,83.5707,NA,NA,NA,NA,NA,NA,NA,NA,NA,NA,NA
"665",1956,666,"Luxembourg","Jun","LUX",12.7558,83.0291,NA,NA,NA,NA,NA,NA,NA,NA,NA,NA,NA
"666",1956,671,"Luxembourg","Nov","LUX",3.2654,67.7272,NA,NA,NA,NA,NA,NA,NA,NA,NA,NA,NA
"667",1956,672,"Luxembourg","Dec","LUX",3.53079,66.004,NA,NA,NA,NA,NA,NA,NA,NA,NA,NA,NA
"668",1956,669,"Luxembourg","Sep","LUX",14.5735,80.5251,NA,NA,NA,NA,NA,NA,NA,NA,NA,NA,NA
"669",1956,670,"Luxembourg","Oct","LUX",8.70247,109.224,NA,NA,NA,NA,NA,NA,NA,NA,NA,NA,NA
"670",1956,661,"Luxembourg","Jan","LUX",1.09228,103.935,NA,NA,NA,NA,NA,NA,NA,NA,NA,NA,NA
"671",1956,662,"Luxembourg","Feb","LUX",-5.3032,27.6312,NA,NA,NA,NA,NA,NA,NA,NA,NA,NA,NA
"672",1956,663,"Luxembourg","Mar","LUX",4.85148,62.2822,NA,NA,NA,NA,NA,NA,NA,NA,NA,NA,NA
"673",1957,673,"Luxembourg","Jan","LUX",0.78372,61.7656,NA,NA,NA,NA,NA,NA,NA,NA,NA,NA,NA
"674",1957,674,"Luxembourg","Feb","LUX",4.84144,142.1,NA,NA,NA,NA,NA,NA,NA,NA,NA,NA,NA
"675",1957,675,"Luxembourg","Mar","LUX",8.07298,65.357,NA,NA,NA,NA,NA,NA,NA,NA,NA,NA,NA
"676",1957,676,"Luxembourg","Apr","LUX",8.31648,29.6725,NA,NA,NA,NA,NA,NA,NA,NA,NA,NA,NA
"677",1957,677,"Luxembourg","May","LUX",10.1325,66.4007,NA,NA,NA,NA,NA,NA,NA,NA,NA,NA,NA
"678",1957,678,"Luxembourg","Jun","LUX",16.6313,77.4785,NA,NA,NA,NA,NA,NA,NA,NA,NA,NA,NA
"679",1957,679,"Luxembourg","Jul","LUX",17.8006,121.331,NA,NA,NA,NA,NA,NA,NA,NA,NA,NA,NA
"680",1957,680,"Luxembourg","Aug","LUX",15.4343,104.736,NA,NA,NA,NA,NA,NA,NA,NA,NA,NA,NA
"681",1957,681,"Luxembourg","Sep","LUX",12.8142,142.848,NA,NA,NA,NA,NA,NA,NA,NA,NA,NA,NA
"682",1957,682,"Luxembourg","Oct","LUX",9.53049,40.7086,NA,NA,NA,NA,NA,NA,NA,NA,NA,NA,NA
"683",1957,683,"Luxembourg","Nov","LUX",4.88771,45.4674,NA,NA,NA,NA,NA,NA,NA,NA,NA,NA,NA
"684",1957,684,"Luxembourg","Dec","LUX",1.2069,53.7596,NA,NA,NA,NA,NA,NA,NA,NA,NA,NA,NA
"685",1958,685,"Luxembourg","Jan","LUX",0.69936,106.402,NA,NA,NA,NA,NA,NA,NA,NA,NA,NA,NA
"686",1958,686,"Luxembourg","Feb","LUX",3.38462,160.979,NA,NA,NA,NA,NA,NA,NA,NA,NA,NA,NA
"687",1958,687,"Luxembourg","Mar","LUX",1.65271,32.4518,NA,NA,NA,NA,NA,NA,NA,NA,NA,NA,NA
"688",1958,688,"Luxembourg","Apr","LUX",5.86057,62.2577,NA,NA,NA,NA,NA,NA,NA,NA,NA,NA,NA
"689",1958,689,"Luxembourg","May","LUX",12.8825,132.813,NA,NA,NA,NA,NA,NA,NA,NA,NA,NA,NA
"690",1958,690,"Luxembourg","Jun","LUX",14.7178,72.6406,NA,NA,NA,NA,NA,NA,NA,NA,NA,NA,NA
"691",1958,691,"Luxembourg","Jul","LUX",16.8793,77.7131,NA,NA,NA,NA,NA,NA,NA,NA,NA,NA,NA
"692",1958,692,"Luxembourg","Aug","LUX",17.1718,136.766,NA,NA,NA,NA,NA,NA,NA,NA,NA,NA,NA
"693",1958,693,"Luxembourg","Sep","LUX",15.4115,58.4443,NA,NA,NA,NA,NA,NA,NA,NA,NA,NA,NA
"694",1958,694,"Luxembourg","Oct","LUX",9.6261,89.3767,NA,NA,NA,NA,NA,NA,NA,NA,NA,NA,NA
"695",1958,695,"Luxembourg","Nov","LUX",4.32137,56.3638,NA,NA,NA,NA,NA,NA,NA,NA,NA,NA,NA
"696",1958,696,"Luxembourg","Dec","LUX",3.28684,112.879,NA,NA,NA,NA,NA,NA,NA,NA,NA,NA,NA
"697",1959,698,"Luxembourg","Feb","LUX",0.55932,5.37949,NA,NA,NA,NA,NA,NA,NA,NA,NA,NA,NA
"698",1959,699,"Luxembourg","Mar","LUX",7.0423,70.7795,NA,NA,NA,NA,NA,NA,NA,NA,NA,NA,NA
"699",1959,700,"Luxembourg","Apr","LUX",9.5674,66.4975,NA,NA,NA,NA,NA,NA,NA,NA,NA,NA,NA
"700",1959,701,"Luxembourg","May","LUX",13.1765,44.9029,NA,NA,NA,NA,NA,NA,NA,NA,NA,NA,NA
"701",1959,702,"Luxembourg","Jun","LUX",16.296,60.2324,NA,NA,NA,NA,NA,NA,NA,NA,NA,NA,NA
"702",1959,703,"Luxembourg","Jul","LUX",19.6504,51.6678,NA,NA,NA,NA,NA,NA,NA,NA,NA,NA,NA
"703",1959,704,"Luxembourg","Aug","LUX",17.606,63.4202,NA,NA,NA,NA,NA,NA,NA,NA,NA,NA,NA
"704",1959,705,"Luxembourg","Sep","LUX",15.3876,7.13571,NA,NA,NA,NA,NA,NA,NA,NA,NA,NA,NA
"705",1959,706,"Luxembourg","Oct","LUX",10.0668,58.4007,NA,NA,NA,NA,NA,NA,NA,NA,NA,NA,NA
"706",1959,707,"Luxembourg","Nov","LUX",4.04381,53.16,NA,NA,NA,NA,NA,NA,NA,NA,NA,NA,NA
"707",1959,708,"Luxembourg","Dec","LUX",3.41702,105.592,NA,NA,NA,NA,NA,NA,NA,NA,NA,NA,NA
"708",1959,697,"Luxembourg","Jan","LUX",0.48032,93.3728,NA,NA,NA,NA,NA,NA,NA,NA,NA,NA,NA
"709",1960,709,"Luxembourg","Jan","LUX",0.78381,78.9194,NA,NA,NA,NA,NA,NA,NA,NA,NA,NA,NA
"710",1960,710,"Luxembourg","Feb","LUX",2.47972,68.7531,NA,NA,NA,NA,NA,NA,NA,NA,NA,NA,NA
"711",1960,711,"Luxembourg","Mar","LUX",5.97129,49.3609,NA,NA,NA,NA,NA,NA,NA,NA,NA,NA,NA
"712",1960,712,"Luxembourg","Apr","LUX",8.45555,41.5414,NA,NA,NA,NA,NA,NA,NA,NA,NA,NA,NA
"713",1960,713,"Luxembourg","May","LUX",13.1896,64.9894,NA,NA,NA,NA,NA,NA,NA,NA,NA,NA,NA
"714",1960,714,"Luxembourg","Jun","LUX",16.2963,77.5376,NA,NA,NA,NA,NA,NA,NA,NA,NA,NA,NA
"715",1960,715,"Luxembourg","Jul","LUX",15.0095,126.8,NA,NA,NA,NA,NA,NA,NA,NA,NA,NA,NA
"716",1960,716,"Luxembourg","Aug","LUX",15.9233,132.898,NA,NA,NA,NA,NA,NA,NA,NA,NA,NA,NA
"717",1960,717,"Luxembourg","Sep","LUX",12.7616,98.2189,NA,NA,NA,NA,NA,NA,NA,NA,NA,NA,NA
"718",1960,718,"Luxembourg","Oct","LUX",9.83202,107.236,NA,NA,NA,NA,NA,NA,NA,NA,NA,NA,NA
"719",1960,719,"Luxembourg","Nov","LUX",6.57939,111.18,NA,NA,NA,NA,NA,NA,NA,NA,NA,NA,NA
"720",1960,720,"Luxembourg","Dec","LUX",1.48263,92.702,NA,NA,NA,NA,NA,NA,NA,NA,NA,NA,NA
"721",1961,721,"Luxembourg","Jan","LUX",0.47209,136.573,NA,NA,NA,NA,NA,NA,NA,NA,NA,NA,NA
"722",1961,722,"Luxembourg","Feb","LUX",5.50661,89.767,NA,NA,NA,NA,NA,NA,NA,NA,NA,NA,NA
"723",1961,723,"Luxembourg","Mar","LUX",6.82496,30.5011,NA,NA,NA,NA,NA,NA,NA,NA,NA,NA,NA
"724",1961,724,"Luxembourg","Apr","LUX",10.7791,101.64,NA,NA,NA,NA,NA,NA,NA,NA,NA,NA,NA
"725",1961,725,"Luxembourg","May","LUX",10.7962,69.9321,NA,NA,NA,NA,NA,NA,NA,NA,NA,NA,NA
"726",1961,726,"Luxembourg","Jun","LUX",15.4037,108.583,NA,NA,NA,NA,NA,NA,NA,NA,NA,NA,NA
"727",1961,727,"Luxembourg","Jul","LUX",15.3141,94.7554,NA,NA,NA,NA,NA,NA,NA,NA,NA,NA,NA
"728",1961,728,"Luxembourg","Aug","LUX",16.2741,64.7895,NA,NA,NA,NA,NA,NA,NA,NA,NA,NA,NA
"729",1961,729,"Luxembourg","Sep","LUX",17.1233,65.9649,NA,NA,NA,NA,NA,NA,NA,NA,NA,NA,NA
"730",1961,730,"Luxembourg","Oct","LUX",11.0046,115.452,NA,NA,NA,NA,NA,NA,NA,NA,NA,NA,NA
"731",1961,731,"Luxembourg","Nov","LUX",3.86783,93.179,NA,NA,NA,NA,NA,NA,NA,NA,NA,NA,NA
"732",1961,732,"Luxembourg","Dec","LUX",1.17685,102.084,NA,NA,NA,NA,NA,NA,NA,NA,NA,NA,NA
"733",1962,733,"Luxembourg","Jan","LUX",2.2048,103.746,NA,NA,NA,NA,NA,NA,NA,NA,NA,NA,NA
"734",1962,734,"Luxembourg","Feb","LUX",1.29997,93.0358,NA,NA,NA,NA,NA,NA,NA,NA,NA,NA,NA
"735",1962,735,"Luxembourg","Mar","LUX",1.33187,86.2785,NA,NA,NA,NA,NA,NA,NA,NA,NA,NA,NA
"736",1962,736,"Luxembourg","Apr","LUX",8.07007,83.0192,NA,NA,NA,NA,NA,NA,NA,NA,NA,NA,NA
"737",1962,737,"Luxembourg","May","LUX",9.82208,85.7536,NA,NA,NA,NA,NA,NA,NA,NA,NA,NA,NA
"738",1962,738,"Luxembourg","Jun","LUX",14.6087,9.78465,NA,NA,NA,NA,NA,NA,NA,NA,NA,NA,NA
"739",1962,739,"Luxembourg","Jul","LUX",15.4673,97.063,NA,NA,NA,NA,NA,NA,NA,NA,NA,NA,NA
"740",1962,740,"Luxembourg","Aug","LUX",16.3136,74.6613,NA,NA,NA,NA,NA,NA,NA,NA,NA,NA,NA
"741",1962,741,"Luxembourg","Sep","LUX",13.0394,82.1006,NA,NA,NA,NA,NA,NA,NA,NA,NA,NA,NA
"742",1962,742,"Luxembourg","Oct","LUX",9.62715,27.0227,NA,NA,NA,NA,NA,NA,NA,NA,NA,NA,NA
"743",1962,743,"Luxembourg","Nov","LUX",2.81425,45.5664,NA,NA,NA,NA,NA,NA,NA,NA,NA,NA,NA
"744",1962,744,"Luxembourg","Dec","LUX",-1.7282,120.318,NA,NA,NA,NA,NA,NA,NA,NA,NA,NA,NA
"745",1963,745,"Luxembourg","Jan","LUX",-6.0257,45.3526,NA,NA,NA,NA,NA,NA,NA,NA,NA,NA,NA
"746",1963,746,"Luxembourg","Feb","LUX",-4.1639,27.707,NA,NA,NA,NA,NA,NA,NA,NA,NA,NA,NA
"747",1963,747,"Luxembourg","Mar","LUX",4.10225,74.9513,NA,NA,NA,NA,NA,NA,NA,NA,NA,NA,NA
"748",1963,748,"Luxembourg","Apr","LUX",8.96393,35.9627,NA,NA,NA,NA,NA,NA,NA,NA,NA,NA,NA
"749",1963,749,"Luxembourg","May","LUX",11.3362,73.5779,NA,NA,NA,NA,NA,NA,NA,NA,NA,NA,NA
"750",1963,750,"Luxembourg","Jun","LUX",15.319,113.056,NA,NA,NA,NA,NA,NA,NA,NA,NA,NA,NA
"751",1963,751,"Luxembourg","Jul","LUX",17.3794,32.7019,NA,NA,NA,NA,NA,NA,NA,NA,NA,NA,NA
"752",1963,752,"Luxembourg","Aug","LUX",15.4201,109.693,NA,NA,NA,NA,NA,NA,NA,NA,NA,NA,NA
"753",1963,753,"Luxembourg","Sep","LUX",13.9235,53.5691,NA,NA,NA,NA,NA,NA,NA,NA,NA,NA,NA
"754",1963,754,"Luxembourg","Oct","LUX",8.75385,66.8622,NA,NA,NA,NA,NA,NA,NA,NA,NA,NA,NA
"755",1963,755,"Luxembourg","Nov","LUX",7.67365,145.573,NA,NA,NA,NA,NA,NA,NA,NA,NA,NA,NA
"756",1963,756,"Luxembourg","Dec","LUX",-2.4302,10.8174,NA,NA,NA,NA,NA,NA,NA,NA,NA,NA,NA
"757",1964,757,"Luxembourg","Jan","LUX",-1.7254,37.3251,NA,NA,NA,NA,NA,NA,NA,NA,NA,NA,NA
"758",1964,758,"Luxembourg","Feb","LUX",2.87031,43.1214,NA,NA,NA,NA,NA,NA,NA,NA,NA,NA,NA
"759",1964,759,"Luxembourg","Mar","LUX",2.43632,55.7957,NA,NA,NA,NA,NA,NA,NA,NA,NA,NA,NA
"760",1964,760,"Luxembourg","Apr","LUX",8.68927,46.4736,NA,NA,NA,NA,NA,NA,NA,NA,NA,NA,NA
"761",1964,761,"Luxembourg","May","LUX",14.1602,39.785,NA,NA,NA,NA,NA,NA,NA,NA,NA,NA,NA
"762",1964,762,"Luxembourg","Jun","LUX",16.3554,49.3938,NA,NA,NA,NA,NA,NA,NA,NA,NA,NA,NA
"763",1964,763,"Luxembourg","Jul","LUX",18.4218,35.8646,NA,NA,NA,NA,NA,NA,NA,NA,NA,NA,NA
"764",1964,764,"Luxembourg","Aug","LUX",16.6888,84.6845,NA,NA,NA,NA,NA,NA,NA,NA,NA,NA,NA
"765",1964,765,"Luxembourg","Sep","LUX",14.6035,70.9704,NA,NA,NA,NA,NA,NA,NA,NA,NA,NA,NA
"766",1964,766,"Luxembourg","Oct","LUX",7.55898,99.0027,NA,NA,NA,NA,NA,NA,NA,NA,NA,NA,NA
"767",1964,767,"Luxembourg","Nov","LUX",5.39283,117.501,NA,NA,NA,NA,NA,NA,NA,NA,NA,NA,NA
"768",1964,768,"Luxembourg","Dec","LUX",0.92791,77.16,NA,NA,NA,NA,NA,NA,NA,NA,NA,NA,NA
"769",1965,769,"Luxembourg","Jan","LUX",1.41353,149.849,NA,NA,NA,NA,NA,NA,NA,NA,NA,NA,NA
"770",1965,770,"Luxembourg","Feb","LUX",-0.367,38.4481,NA,NA,NA,NA,NA,NA,NA,NA,NA,NA,NA
"771",1965,771,"Luxembourg","Mar","LUX",4.27198,76.1473,NA,NA,NA,NA,NA,NA,NA,NA,NA,NA,NA
"772",1965,772,"Luxembourg","Apr","LUX",7.14558,106.859,NA,NA,NA,NA,NA,NA,NA,NA,NA,NA,NA
"773",1965,773,"Luxembourg","May","LUX",11.8282,94.0681,NA,NA,NA,NA,NA,NA,NA,NA,NA,NA,NA
"774",1965,774,"Luxembourg","Jun","LUX",15.318,79.8133,NA,NA,NA,NA,NA,NA,NA,NA,NA,NA,NA
"775",1965,775,"Luxembourg","Jul","LUX",14.9249,118.676,NA,NA,NA,NA,NA,NA,NA,NA,NA,NA,NA
"776",1965,776,"Luxembourg","Aug","LUX",15.4876,104.757,NA,NA,NA,NA,NA,NA,NA,NA,NA,NA,NA
"777",1965,777,"Luxembourg","Sep","LUX",12.4578,97.5942,NA,NA,NA,NA,NA,NA,NA,NA,NA,NA,NA
"778",1965,778,"Luxembourg","Oct","LUX",9.01623,26.1055,NA,NA,NA,NA,NA,NA,NA,NA,NA,NA,NA
"779",1965,779,"Luxembourg","Nov","LUX",2.60273,126.604,NA,NA,NA,NA,NA,NA,NA,NA,NA,NA,NA
"780",1965,780,"Luxembourg","Dec","LUX",3.52385,222.15,NA,NA,NA,NA,NA,NA,NA,NA,NA,NA,NA
"781",1966,781,"Luxembourg","Jan","LUX",-1.5972,69.9509,NA,NA,NA,NA,NA,NA,NA,NA,NA,NA,NA
"782",1966,782,"Luxembourg","Feb","LUX",5.65962,97.0233,NA,NA,NA,NA,NA,NA,NA,NA,NA,NA,NA
"783",1966,783,"Luxembourg","Mar","LUX",4.22795,85.8867,NA,NA,NA,NA,NA,NA,NA,NA,NA,NA,NA
"784",1966,784,"Luxembourg","Apr","LUX",9.06574,102.379,NA,NA,NA,NA,NA,NA,NA,NA,NA,NA,NA
"785",1966,785,"Luxembourg","May","LUX",12.9835,69.5523,NA,NA,NA,NA,NA,NA,NA,NA,NA,NA,NA
"786",1966,786,"Luxembourg","Jun","LUX",16.5789,129.181,NA,NA,NA,NA,NA,NA,NA,NA,NA,NA,NA
"787",1966,787,"Luxembourg","Jul","LUX",15.2268,119.256,NA,NA,NA,NA,NA,NA,NA,NA,NA,NA,NA
"788",1966,788,"Luxembourg","Aug","LUX",15.6749,86.6116,NA,NA,NA,NA,NA,NA,NA,NA,NA,NA,NA
"789",1966,789,"Luxembourg","Sep","LUX",14.074,35.4887,NA,NA,NA,NA,NA,NA,NA,NA,NA,NA,NA
"790",1966,790,"Luxembourg","Oct","LUX",11.4837,112.698,NA,NA,NA,NA,NA,NA,NA,NA,NA,NA,NA
"791",1966,791,"Luxembourg","Nov","LUX",2.56646,111.154,NA,NA,NA,NA,NA,NA,NA,NA,NA,NA,NA
"792",1966,792,"Luxembourg","Dec","LUX",2.9132,198.427,NA,NA,NA,NA,NA,NA,NA,NA,NA,NA,NA
"793",1967,793,"Luxembourg","Jan","LUX",1.3325,54.2143,NA,NA,NA,NA,NA,NA,NA,NA,NA,NA,NA
"794",1967,797,"Luxembourg","May","LUX",12.2707,89.694,NA,NA,NA,NA,NA,NA,NA,NA,NA,NA,NA
"795",1967,798,"Luxembourg","Jun","LUX",14.6433,49.4996,NA,NA,NA,NA,NA,NA,NA,NA,NA,NA,NA
"796",1967,799,"Luxembourg","Jul","LUX",18.7893,61.4745,NA,NA,NA,NA,NA,NA,NA,NA,NA,NA,NA
"797",1967,800,"Luxembourg","Aug","LUX",16.5657,72.3246,NA,NA,NA,NA,NA,NA,NA,NA,NA,NA,NA
"798",1967,801,"Luxembourg","Sep","LUX",13.7537,101.409,NA,NA,NA,NA,NA,NA,NA,NA,NA,NA,NA
"799",1967,802,"Luxembourg","Oct","LUX",11.4418,101.515,NA,NA,NA,NA,NA,NA,NA,NA,NA,NA,NA
"800",1967,803,"Luxembourg","Nov","LUX",3.70778,94.8944,NA,NA,NA,NA,NA,NA,NA,NA,NA,NA,NA
"801",1967,804,"Luxembourg","Dec","LUX",0.80001,123.018,NA,NA,NA,NA,NA,NA,NA,NA,NA,NA,NA
"802",1967,794,"Luxembourg","Feb","LUX",3.72077,67.185,NA,NA,NA,NA,NA,NA,NA,NA,NA,NA,NA
"803",1967,795,"Luxembourg","Mar","LUX",5.96069,72.045,NA,NA,NA,NA,NA,NA,NA,NA,NA,NA,NA
"804",1967,796,"Luxembourg","Apr","LUX",6.96913,47.5059,NA,NA,NA,NA,NA,NA,NA,NA,NA,NA,NA
"805",1968,805,"Luxembourg","Jan","LUX",0.25208,119.496,NA,NA,NA,NA,NA,NA,NA,NA,NA,NA,NA
"806",1968,806,"Luxembourg","Feb","LUX",1.45679,67.6861,NA,NA,NA,NA,NA,NA,NA,NA,NA,NA,NA
"807",1968,810,"Luxembourg","Jun","LUX",15.0732,62.535,NA,NA,NA,NA,NA,NA,NA,NA,NA,NA,NA
"808",1968,811,"Luxembourg","Jul","LUX",16.2548,93.1804,NA,NA,NA,NA,NA,NA,NA,NA,NA,NA,NA
"809",1968,812,"Luxembourg","Aug","LUX",16.2191,132.981,NA,NA,NA,NA,NA,NA,NA,NA,NA,NA,NA
"810",1968,813,"Luxembourg","Sep","LUX",13.6888,123.746,NA,NA,NA,NA,NA,NA,NA,NA,NA,NA,NA
"811",1968,814,"Luxembourg","Oct","LUX",11.1078,55.1484,NA,NA,NA,NA,NA,NA,NA,NA,NA,NA,NA
"812",1968,815,"Luxembourg","Nov","LUX",3.7025,33.4832,NA,NA,NA,NA,NA,NA,NA,NA,NA,NA,NA
"813",1968,816,"Luxembourg","Dec","LUX",-0.7189,60.2171,NA,NA,NA,NA,NA,NA,NA,NA,NA,NA,NA
"814",1968,807,"Luxembourg","Mar","LUX",5.29884,62.4595,NA,NA,NA,NA,NA,NA,NA,NA,NA,NA,NA
"815",1968,808,"Luxembourg","Apr","LUX",9.16363,29.9082,NA,NA,NA,NA,NA,NA,NA,NA,NA,NA,NA
"816",1968,809,"Luxembourg","May","LUX",10.7619,61.0359,NA,NA,NA,NA,NA,NA,NA,NA,NA,NA,NA
"817",1969,819,"Luxembourg","Mar","LUX",3.21705,71.289,NA,NA,NA,NA,NA,NA,NA,NA,NA,NA,NA
"818",1969,820,"Luxembourg","Apr","LUX",7.54713,85.8158,NA,NA,NA,NA,NA,NA,NA,NA,NA,NA,NA
"819",1969,821,"Luxembourg","May","LUX",12.8872,74.9183,NA,NA,NA,NA,NA,NA,NA,NA,NA,NA,NA
"820",1969,822,"Luxembourg","Jun","LUX",14.5051,76.7851,NA,NA,NA,NA,NA,NA,NA,NA,NA,NA,NA
"821",1969,823,"Luxembourg","Jul","LUX",18.4565,54.3356,NA,NA,NA,NA,NA,NA,NA,NA,NA,NA,NA
"822",1969,824,"Luxembourg","Aug","LUX",16.8386,131.552,NA,NA,NA,NA,NA,NA,NA,NA,NA,NA,NA
"823",1969,825,"Luxembourg","Sep","LUX",14.3929,27.9916,NA,NA,NA,NA,NA,NA,NA,NA,NA,NA,NA
"824",1969,826,"Luxembourg","Oct","LUX",10.9804,6.35027,NA,NA,NA,NA,NA,NA,NA,NA,NA,NA,NA
"825",1969,827,"Luxembourg","Nov","LUX",5.34289,129.089,NA,NA,NA,NA,NA,NA,NA,NA,NA,NA,NA
"826",1969,828,"Luxembourg","Dec","LUX",-2.3276,47.9273,NA,NA,NA,NA,NA,NA,NA,NA,NA,NA,NA
"827",1969,817,"Luxembourg","Jan","LUX",2.41672,56.8586,NA,NA,NA,NA,NA,NA,NA,NA,NA,NA,NA
"828",1969,818,"Luxembourg","Feb","LUX",-0.8562,79.4539,NA,NA,NA,NA,NA,NA,NA,NA,NA,NA,NA
"829",1970,829,"Luxembourg","Jan","LUX",0.00813,73.0711,NA,NA,NA,NA,NA,NA,NA,NA,NA,NA,NA
"830",1970,830,"Luxembourg","Feb","LUX",0.77668,166.957,NA,NA,NA,NA,NA,NA,NA,NA,NA,NA,NA
"831",1970,831,"Luxembourg","Mar","LUX",2.3341,98.3974,NA,NA,NA,NA,NA,NA,NA,NA,NA,NA,NA
"832",1970,832,"Luxembourg","Apr","LUX",5.71337,95.8916,NA,NA,NA,NA,NA,NA,NA,NA,NA,NA,NA
"833",1970,833,"Luxembourg","May","LUX",12.1934,88.2399,NA,NA,NA,NA,NA,NA,NA,NA,NA,NA,NA
"834",1970,834,"Luxembourg","Jun","LUX",17.2629,64.5031,NA,NA,NA,NA,NA,NA,NA,NA,NA,NA,NA
"835",1970,835,"Luxembourg","Jul","LUX",15.8582,104.04,NA,NA,NA,NA,NA,NA,NA,NA,NA,NA,NA
"836",1970,836,"Luxembourg","Aug","LUX",17.2222,62.0812,NA,NA,NA,NA,NA,NA,NA,NA,NA,NA,NA
"837",1970,837,"Luxembourg","Sep","LUX",14.3874,55.8103,NA,NA,NA,NA,NA,NA,NA,NA,NA,NA,NA
"838",1970,838,"Luxembourg","Oct","LUX",9.78908,75.7469,NA,NA,NA,NA,NA,NA,NA,NA,NA,NA,NA
"839",1970,839,"Luxembourg","Nov","LUX",6.56699,76.0612,NA,NA,NA,NA,NA,NA,NA,NA,NA,NA,NA
"840",1970,840,"Luxembourg","Dec","LUX",0.79147,51.6621,NA,NA,NA,NA,NA,NA,NA,NA,NA,NA,NA
"841",1971,841,"Luxembourg","Jan","LUX",0.05537,73.3099,NA,NA,NA,NA,NA,NA,NA,NA,NA,NA,NA
"842",1971,842,"Luxembourg","Feb","LUX",2.31328,49.5881,NA,NA,NA,NA,NA,NA,NA,NA,NA,NA,NA
"843",1971,843,"Luxembourg","Mar","LUX",1.92031,36.6073,NA,NA,NA,NA,NA,NA,NA,NA,NA,NA,NA
"844",1971,844,"Luxembourg","Apr","LUX",9.04131,34.8396,NA,NA,NA,NA,NA,NA,NA,NA,NA,NA,NA
"845",1971,845,"Luxembourg","May","LUX",14.2491,78.3927,NA,NA,NA,NA,NA,NA,NA,NA,NA,NA,NA
"846",1971,846,"Luxembourg","Jun","LUX",13.9442,114.284,NA,NA,NA,NA,NA,NA,NA,NA,NA,NA,NA
"847",1971,847,"Luxembourg","Jul","LUX",18.4119,36.1746,NA,NA,NA,NA,NA,NA,NA,NA,NA,NA,NA
"848",1971,848,"Luxembourg","Aug","LUX",17.4471,69.9887,NA,NA,NA,NA,NA,NA,NA,NA,NA,NA,NA
"849",1971,849,"Luxembourg","Sep","LUX",13.2562,25.9263,NA,NA,NA,NA,NA,NA,NA,NA,NA,NA,NA
"850",1971,850,"Luxembourg","Oct","LUX",9.98267,36.5352,NA,NA,NA,NA,NA,NA,NA,NA,NA,NA,NA
"851",1971,851,"Luxembourg","Nov","LUX",3.746,105.18,NA,NA,NA,NA,NA,NA,NA,NA,NA,NA,NA
"852",1971,852,"Luxembourg","Dec","LUX",3.32988,22.4957,NA,NA,NA,NA,NA,NA,NA,NA,NA,NA,NA
"853",1972,853,"Luxembourg","Jan","LUX",-0.1358,51.631,NA,NA,NA,NA,NA,NA,NA,NA,NA,NA,NA
"854",1972,854,"Luxembourg","Feb","LUX",3.46579,31.8576,NA,NA,NA,NA,NA,NA,NA,NA,NA,NA,NA
"855",1972,855,"Luxembourg","Mar","LUX",6.39775,58.0763,NA,NA,NA,NA,NA,NA,NA,NA,NA,NA,NA
"856",1972,856,"Luxembourg","Apr","LUX",7.44584,74.5433,NA,NA,NA,NA,NA,NA,NA,NA,NA,NA,NA
"857",1972,857,"Luxembourg","May","LUX",11.3736,102.857,NA,NA,NA,NA,NA,NA,NA,NA,NA,NA,NA
"858",1972,858,"Luxembourg","Jun","LUX",13.8656,61.6824,NA,NA,NA,NA,NA,NA,NA,NA,NA,NA,NA
"859",1972,859,"Luxembourg","Jul","LUX",17.5247,109.542,NA,NA,NA,NA,NA,NA,NA,NA,NA,NA,NA
"860",1972,860,"Luxembourg","Aug","LUX",15.9096,95.6478,NA,NA,NA,NA,NA,NA,NA,NA,NA,NA,NA
"861",1972,861,"Luxembourg","Sep","LUX",11.4277,63.2949,NA,NA,NA,NA,NA,NA,NA,NA,NA,NA,NA
"862",1972,862,"Luxembourg","Oct","LUX",8.19184,30.4953,NA,NA,NA,NA,NA,NA,NA,NA,NA,NA,NA
"863",1972,863,"Luxembourg","Nov","LUX",4.52242,110.293,NA,NA,NA,NA,NA,NA,NA,NA,NA,NA,NA
"864",1972,864,"Luxembourg","Dec","LUX",1.73006,23.1247,NA,NA,NA,NA,NA,NA,NA,NA,NA,NA,NA
"865",1973,865,"Luxembourg","Jan","LUX",0.61636,37.0787,8.5,13.1,4.4,560.33,13.4,194,57,31,78,0,9
"866",1973,866,"Luxembourg","Feb","LUX",1.45974,75.2304,8.5,13.1,4.4,560.33,13.4,194,57,31,78,0,9
"867",1973,867,"Luxembourg","Mar","LUX",4.61199,19.8922,8.5,13.1,4.4,560.33,13.4,194,57,31,78,0,9
"868",1973,868,"Luxembourg","Apr","LUX",5.89529,75.8406,8.5,13.1,4.4,560.33,13.4,194,57,31,78,0,9
"869",1973,869,"Luxembourg","May","LUX",12.6197,103.015,8.5,13.1,4.4,560.33,13.4,194,57,31,78,0,9
"870",1973,870,"Luxembourg","Jun","LUX",16.5872,39.0803,8.5,13.1,4.4,560.33,13.4,194,57,31,78,0,9
"871",1973,871,"Luxembourg","Jul","LUX",17.2004,85.963,8.5,13.1,4.4,560.33,13.4,194,57,31,78,0,9
"872",1973,872,"Luxembourg","Aug","LUX",18.6855,38.3932,8.5,13.1,4.4,560.33,13.4,194,57,31,78,0,9
"873",1973,873,"Luxembourg","Sep","LUX",15.1097,63.9884,8.5,13.1,4.4,560.33,13.4,194,57,31,78,0,9
"874",1973,874,"Luxembourg","Oct","LUX",8.58713,77.1655,8.5,13.1,4.4,560.33,13.4,194,57,31,78,0,9
"875",1973,875,"Luxembourg","Nov","LUX",4.25486,88.5458,8.5,13.1,4.4,560.33,13.4,194,57,31,78,0,9
"876",1973,876,"Luxembourg","Dec","LUX",1.25098,90.944,8.5,13.1,4.4,560.33,13.4,194,57,31,78,0,9
"877",1974,877,"Luxembourg","Jan","LUX",4.21444,66.0638,8.6,12.8,4.8,1139.44,14.3,241,35,24,66,0,8
"878",1974,878,"Luxembourg","Feb","LUX",3.86777,55.8588,8.6,12.8,4.8,1139.44,14.3,241,35,24,66,0,8
"879",1974,879,"Luxembourg","Mar","LUX",6.08119,77.2951,8.6,12.8,4.8,1139.44,14.3,241,35,24,66,0,8
"880",1974,880,"Luxembourg","Apr","LUX",9.05261,20.5827,8.6,12.8,4.8,1139.44,14.3,241,35,24,66,0,8
"881",1974,881,"Luxembourg","May","LUX",11.3862,56.7971,8.6,12.8,4.8,1139.44,14.3,241,35,24,66,0,8
"882",1974,882,"Luxembourg","Jun","LUX",14.6794,86.7431,8.6,12.8,4.8,1139.44,14.3,241,35,24,66,0,8
"883",1974,883,"Luxembourg","Jul","LUX",15.6106,85.773,8.6,12.8,4.8,1139.44,14.3,241,35,24,66,0,8
"884",1974,884,"Luxembourg","Aug","LUX",17.1548,73.0941,8.6,12.8,4.8,1139.44,14.3,241,35,24,66,0,8
"885",1974,885,"Luxembourg","Sep","LUX",12.981,120.804,8.6,12.8,4.8,1139.44,14.3,241,35,24,66,0,8
"886",1974,886,"Luxembourg","Oct","LUX",5.94597,165.862,8.6,12.8,4.8,1139.44,14.3,241,35,24,66,0,8
"887",1974,887,"Luxembourg","Nov","LUX",5.31402,138.337,8.6,12.8,4.8,1139.44,14.3,241,35,24,66,0,8
"888",1974,888,"Luxembourg","Dec","LUX",5.55504,136.603,8.6,12.8,4.8,1139.44,14.3,241,35,24,66,0,8
"889",1975,889,"Luxembourg","Jan","LUX",4.82258,84.3511,8.8,12.9,5.1,587.25,13,202,32,14,75,0,5
"890",1975,890,"Luxembourg","Feb","LUX",2.65849,20.0236,8.8,12.9,5.1,587.25,13,202,32,14,75,0,5
"891",1975,891,"Luxembourg","Mar","LUX",3.87209,105.911,8.8,12.9,5.1,587.25,13,202,32,14,75,0,5
"892",1975,892,"Luxembourg","Apr","LUX",7.40102,60.1829,8.8,12.9,5.1,587.25,13,202,32,14,75,0,5
"893",1975,893,"Luxembourg","May","LUX",11.3714,40.9675,8.8,12.9,5.1,587.25,13,202,32,14,75,0,5
"894",1975,894,"Luxembourg","Jun","LUX",14.9495,55.8283,8.8,12.9,5.1,587.25,13,202,32,14,75,0,5
"895",1975,895,"Luxembourg","Jul","LUX",18.2198,79.7778,8.8,12.9,5.1,587.25,13,202,32,14,75,0,5
"896",1975,896,"Luxembourg","Aug","LUX",19.3655,63.2608,8.8,12.9,5.1,587.25,13,202,32,14,75,0,5
"897",1975,897,"Luxembourg","Sep","LUX",15.3952,87.2275,8.8,12.9,5.1,587.25,13,202,32,14,75,0,5
"898",1975,898,"Luxembourg","Oct","LUX",7.98975,15.751,8.8,12.9,5.1,587.25,13,202,32,14,75,0,5
"899",1975,899,"Luxembourg","Nov","LUX",4.08065,103.874,8.8,12.9,5.1,587.25,13,202,32,14,75,0,5
"900",1975,900,"Luxembourg","Dec","LUX",1.00738,33.3955,8.8,12.9,5.1,587.25,13,202,32,14,75,0,5
"901",1976,901,"Luxembourg","Jan","LUX",2.4416,91.902,9.1,13.5,5.1,517.9,13.1,172,37,22,77,0,5
"902",1976,902,"Luxembourg","Feb","LUX",1.78017,38.1059,9.1,13.5,5.1,517.9,13.1,172,37,22,77,0,5
"903",1976,903,"Luxembourg","Mar","LUX",3.01291,34.2221,9.1,13.5,5.1,517.9,13.1,172,37,22,77,0,5
"904",1976,904,"Luxembourg","Apr","LUX",7.57431,22.4132,9.1,13.5,5.1,517.9,13.1,172,37,22,77,0,5
"905",1976,905,"Luxembourg","May","LUX",13.4751,46.7049,9.1,13.5,5.1,517.9,13.1,172,37,22,77,0,5
"906",1976,906,"Luxembourg","Jun","LUX",18.7964,14.6982,9.1,13.5,5.1,517.9,13.1,172,37,22,77,0,5
"907",1976,907,"Luxembourg","Jul","LUX",19.9498,70.6047,9.1,13.5,5.1,517.9,13.1,172,37,22,77,0,5
"908",1976,908,"Luxembourg","Aug","LUX",17.6098,14.5213,9.1,13.5,5.1,517.9,13.1,172,37,22,77,0,5
"909",1976,909,"Luxembourg","Sep","LUX",13.538,65.6901,9.1,13.5,5.1,517.9,13.1,172,37,22,77,0,5
"910",1976,910,"Luxembourg","Oct","LUX",10.6781,57.3191,9.1,13.5,5.1,517.9,13.1,172,37,22,77,0,5
"911",1976,911,"Luxembourg","Nov","LUX",5.37292,111.091,9.1,13.5,5.1,517.9,13.1,172,37,22,77,0,5
"912",1976,912,"Luxembourg","Dec","LUX",-0.0566,57.9654,9.1,13.5,5.1,517.9,13.1,172,37,22,77,0,5
"913",1977,913,"Luxembourg","Jan","LUX",1.65206,87.7427,8.5,12.3,4.9,828.08,13.5,229,51,27,103,0,12
"914",1977,914,"Luxembourg","Feb","LUX",4.42937,129.459,8.5,12.3,4.9,828.08,13.5,229,51,27,103,0,12
"915",1977,915,"Luxembourg","Mar","LUX",6.89693,56.331,8.5,12.3,4.9,828.08,13.5,229,51,27,103,0,12
"916",1977,916,"Luxembourg","Apr","LUX",5.98753,90.446,8.5,12.3,4.9,828.08,13.5,229,51,27,103,0,12
"917",1977,917,"Luxembourg","May","LUX",11.5982,51.8281,8.5,12.3,4.9,828.08,13.5,229,51,27,103,0,12
"918",1977,918,"Luxembourg","Jun","LUX",14.6663,101.138,8.5,12.3,4.9,828.08,13.5,229,51,27,103,0,12
"919",1977,919,"Luxembourg","Jul","LUX",16.8116,77.5145,8.5,12.3,4.9,828.08,13.5,229,51,27,103,0,12
"920",1977,920,"Luxembourg","Aug","LUX",16.0113,96.1644,8.5,12.3,4.9,828.08,13.5,229,51,27,103,0,12
"921",1977,921,"Luxembourg","Sep","LUX",12.6539,28.6733,8.5,12.3,4.9,828.08,13.5,229,51,27,103,0,12
"922",1977,922,"Luxembourg","Oct","LUX",10.9641,49.7628,8.5,12.3,4.9,828.08,13.5,229,51,27,103,0,12
"923",1977,923,"Luxembourg","Nov","LUX",5.44938,144.305,8.5,12.3,4.9,828.08,13.5,229,51,27,103,0,12
"924",1977,924,"Luxembourg","Dec","LUX",3.13174,76.2985,8.5,12.3,4.9,828.08,13.5,229,51,27,103,0,12
"925",1978,925,"Luxembourg","Jan","LUX",1.32388,70.6036,7.5,11.3,4,776.97,13.6,220,57,28,94,0,8
"926",1978,926,"Luxembourg","Feb","LUX",0.14425,54.1221,7.5,11.3,4,776.97,13.6,220,57,28,94,0,8
"927",1978,927,"Luxembourg","Mar","LUX",5.74742,129.466,7.5,11.3,4,776.97,13.6,220,57,28,94,0,8
"928",1978,928,"Luxembourg","Apr","LUX",7.08195,40.6072,7.5,11.3,4,776.97,13.6,220,57,28,94,0,8
"929",1978,929,"Luxembourg","May","LUX",11.6554,88.2836,7.5,11.3,4,776.97,13.6,220,57,28,94,0,8
"930",1978,930,"Luxembourg","Jun","LUX",14.4747,87.2018,7.5,11.3,4,776.97,13.6,220,57,28,94,0,8
"931",1978,931,"Luxembourg","Jul","LUX",15.5592,92.0754,7.5,11.3,4,776.97,13.6,220,57,28,94,0,8
"932",1978,932,"Luxembourg","Aug","LUX",15.2168,43.0788,7.5,11.3,4,776.97,13.6,220,57,28,94,0,8
"933",1978,933,"Luxembourg","Sep","LUX",12.9405,69.0427,7.5,11.3,4,776.97,13.6,220,57,28,94,0,8
"934",1978,934,"Luxembourg","Oct","LUX",9.83882,26.2177,7.5,11.3,4,776.97,13.6,220,57,28,94,0,8
"935",1978,935,"Luxembourg","Nov","LUX",3.92401,24.743,7.5,11.3,4,776.97,13.6,220,57,28,94,0,8
"936",1978,936,"Luxembourg","Dec","LUX",1.85617,141.408,7.5,11.3,4,776.97,13.6,220,57,28,94,0,8
"937",1979,937,"Luxembourg","Jan","LUX",-2.8834,57.3045,7.7,11.6,4,963.66,13.7,204,64,28,92,0,7
"938",1979,938,"Luxembourg","Feb","LUX",-0.1237,74.1472,7.7,11.6,4,963.66,13.7,204,64,28,92,0,7
"939",1979,939,"Luxembourg","Mar","LUX",4.68697,147.93,7.7,11.6,4,963.66,13.7,204,64,28,92,0,7
"940",1979,940,"Luxembourg","Apr","LUX",7.08531,85.2646,7.7,11.6,4,963.66,13.7,204,64,28,92,0,7
"941",1979,941,"Luxembourg","May","LUX",11.7012,102.677,7.7,11.6,4,963.66,13.7,204,64,28,92,0,7
"942",1979,942,"Luxembourg","Jun","LUX",15.8088,52.0181,7.7,11.6,4,963.66,13.7,204,64,28,92,0,7
"943",1979,943,"Luxembourg","Jul","LUX",16.3597,37.1359,7.7,11.6,4,963.66,13.7,204,64,28,92,0,7
"944",1979,944,"Luxembourg","Aug","LUX",15.338,93.3795,7.7,11.6,4,963.66,13.7,204,64,28,92,0,7
"945",1979,945,"Luxembourg","Sep","LUX",13.8628,33.0276,7.7,11.6,4,963.66,13.7,204,64,28,92,0,7
"946",1979,946,"Luxembourg","Oct","LUX",10.4695,60.8201,7.7,11.6,4,963.66,13.7,204,64,28,92,0,7
"947",1979,947,"Luxembourg","Nov","LUX",4.41115,124.9,7.7,11.6,4,963.66,13.7,204,64,28,92,0,7
"948",1979,948,"Luxembourg","Dec","LUX",4.45744,169.215,7.7,11.6,4,963.66,13.7,204,64,28,92,0,7
"949",1980,949,"Luxembourg","Jan","LUX",-0.8916,65.7246,7.6,11.3,4.1,873.82,13.9,213,51,21,90,1,7
"950",1980,950,"Luxembourg","Feb","LUX",4.18361,69.6747,7.6,11.3,4.1,873.82,13.9,213,51,21,90,1,7
"951",1980,951,"Luxembourg","Mar","LUX",4.64666,85.146,7.6,11.3,4.1,873.82,13.9,213,51,21,90,1,7
"952",1980,952,"Luxembourg","Apr","LUX",7.05422,48.1841,7.6,11.3,4.1,873.82,13.9,213,51,21,90,1,7
"953",1980,953,"Luxembourg","May","LUX",11.3546,72.598,7.6,11.3,4.1,873.82,13.9,213,51,21,90,1,7
"954",1980,954,"Luxembourg","Jun","LUX",14.2672,112.243,7.6,11.3,4.1,873.82,13.9,213,51,21,90,1,7
"955",1980,955,"Luxembourg","Jul","LUX",15.0558,181.015,7.6,11.3,4.1,873.82,13.9,213,51,21,90,1,7
"956",1980,956,"Luxembourg","Aug","LUX",17.0041,84.8219,7.6,11.3,4.1,873.82,13.9,213,51,21,90,1,7
"957",1980,957,"Luxembourg","Sep","LUX",14.7943,43.7221,7.6,11.3,4.1,873.82,13.9,213,51,21,90,1,7
"958",1980,958,"Luxembourg","Oct","LUX",8.52529,93.6852,7.6,11.3,4.1,873.82,13.9,213,51,21,90,1,7
"959",1980,959,"Luxembourg","Nov","LUX",3.15239,75.1057,7.6,11.3,4.1,873.82,13.9,213,51,21,90,1,7
"960",1980,960,"Luxembourg","Dec","LUX",1.28867,110.329,7.6,11.3,4.1,873.82,13.9,213,51,21,90,1,7
"961",1981,961,"Luxembourg","Jan","LUX",0.26783,121.541,8.3,12.1,4.8,1021.82,13.7,225,65,29,82,0,5
"962",1981,962,"Luxembourg","Feb","LUX",0.20868,51.3429,8.3,12.1,4.8,1021.82,13.7,225,65,29,82,0,5
"963",1981,963,"Luxembourg","Mar","LUX",7.96361,114.597,8.3,12.1,4.8,1021.82,13.7,225,65,29,82,0,5
"964",1981,964,"Luxembourg","Apr","LUX",8.41466,59.1464,8.3,12.1,4.8,1021.82,13.7,225,65,29,82,0,5
"965",1981,965,"Luxembourg","May","LUX",12.7069,78.9699,8.3,12.1,4.8,1021.82,13.7,225,65,29,82,0,5
"966",1981,966,"Luxembourg","Jun","LUX",14.7681,141.979,8.3,12.1,4.8,1021.82,13.7,225,65,29,82,0,5
"967",1981,967,"Luxembourg","Jul","LUX",16.4114,82.6898,8.3,12.1,4.8,1021.82,13.7,225,65,29,82,0,5
"968",1981,968,"Luxembourg","Aug","LUX",16.7929,72.8678,8.3,12.1,4.8,1021.82,13.7,225,65,29,82,0,5
"969",1981,969,"Luxembourg","Sep","LUX",14.4792,90.4653,8.3,12.1,4.8,1021.82,13.7,225,65,29,82,0,5
"970",1981,970,"Luxembourg","Oct","LUX",8.59715,162.904,8.3,12.1,4.8,1021.82,13.7,225,65,29,82,0,5
"971",1981,971,"Luxembourg","Nov","LUX",5.27499,87.8621,8.3,12.1,4.8,1021.82,13.7,225,65,29,82,0,5
"972",1981,972,"Luxembourg","Dec","LUX",-0.1141,145.781,8.3,12.1,4.8,1021.82,13.7,225,65,29,82,0,5
"973",1982,973,"Luxembourg","Jan","LUX",-0.5771,95.173,8.9,13.2,5.1,943.32,13.9,210,35,33,83,3,12
"974",1982,974,"Luxembourg","Feb","LUX",1.67389,21.2956,8.9,13.2,5.1,943.32,13.9,210,35,33,83,3,12
"975",1982,975,"Luxembourg","Mar","LUX",4.82028,86.7572,8.9,13.2,5.1,943.32,13.9,210,35,33,83,3,12
"976",1982,976,"Luxembourg","Apr","LUX",7.33847,48.0586,8.9,13.2,5.1,943.32,13.9,210,35,33,83,3,12
"977",1982,977,"Luxembourg","May","LUX",12.6146,81.4734,8.9,13.2,5.1,943.32,13.9,210,35,33,83,3,12
"978",1982,978,"Luxembourg","Jun","LUX",16.4434,112.453,8.9,13.2,5.1,943.32,13.9,210,35,33,83,3,12
"979",1982,979,"Luxembourg","Jul","LUX",18.9203,48.9999,8.9,13.2,5.1,943.32,13.9,210,35,33,83,3,12
"980",1982,980,"Luxembourg","Aug","LUX",16.9821,68.0904,8.9,13.2,5.1,943.32,13.9,210,35,33,83,3,12
"981",1982,981,"Luxembourg","Sep","LUX",16.3379,62.8045,8.9,13.2,5.1,943.32,13.9,210,35,33,83,3,12
"982",1982,982,"Luxembourg","Oct","LUX",10.1212,162.244,8.9,13.2,5.1,943.32,13.9,210,35,33,83,3,12
"983",1982,983,"Luxembourg","Nov","LUX",6.61811,84.6836,8.9,13.2,5.1,943.32,13.9,210,35,33,83,3,12
"984",1982,984,"Luxembourg","Dec","LUX",2.71228,125.969,8.9,13.2,5.1,943.32,13.9,210,35,33,83,3,12
"985",1983,985,"Luxembourg","Jan","LUX",4.1254,106.529,9,13.1,5.2,813.58,14.4,208,43,34,81,0,7
"986",1983,986,"Luxembourg","Feb","LUX",-0.3566,68.0132,9,13.1,5.2,813.58,14.4,208,43,34,81,0,7
"987",1983,987,"Luxembourg","Mar","LUX",5.09269,86.3934,9,13.1,5.2,813.58,14.4,208,43,34,81,0,7
"988",1983,988,"Luxembourg","Apr","LUX",8.33591,121.622,9,13.1,5.2,813.58,14.4,208,43,34,81,0,7
"989",1983,989,"Luxembourg","May","LUX",10.2887,156.305,9,13.1,5.2,813.58,14.4,208,43,34,81,0,7
"990",1983,990,"Luxembourg","Jun","LUX",16.4847,99.2164,9,13.1,5.2,813.58,14.4,208,43,34,81,0,7
"991",1983,991,"Luxembourg","Jul","LUX",21.0001,44.6481,9,13.1,5.2,813.58,14.4,208,43,34,81,0,7
"992",1983,992,"Luxembourg","Aug","LUX",18.796,37.481,9,13.1,5.2,813.58,14.4,208,43,34,81,0,7
"993",1983,993,"Luxembourg","Sep","LUX",14.0675,80.723,9,13.1,5.2,813.58,14.4,208,43,34,81,0,7
"994",1983,994,"Luxembourg","Oct","LUX",9.82263,47.2636,9,13.1,5.2,813.58,14.4,208,43,34,81,0,7
"995",1983,995,"Luxembourg","Nov","LUX",4.32664,81.9385,9,13.1,5.2,813.58,14.4,208,43,34,81,0,7
"996",1983,996,"Luxembourg","Dec","LUX",2.13743,66.46,9,13.1,5.2,813.58,14.4,208,43,34,81,0,7
"997",1984,997,"Luxembourg","Jan","LUX",1.87644,167.258,8.1,11.9,4.7,1053.62,13.2,217,54,17,98,0,5
"998",1984,998,"Luxembourg","Feb","LUX",1.13269,110.641,8.1,11.9,4.7,1053.62,13.2,217,54,17,98,0,5
"999",1984,999,"Luxembourg","Mar","LUX",3.19521,47.9016,8.1,11.9,4.7,1053.62,13.2,217,54,17,98,0,5
"1000",1984,1000,"Luxembourg","Apr","LUX",7.39388,35.2729,8.1,11.9,4.7,1053.62,13.2,217,54,17,98,0,5
"1001",1984,1001,"Luxembourg","May","LUX",9.84595,137.413,8.1,11.9,4.7,1053.62,13.2,217,54,17,98,0,5
"1002",1984,1002,"Luxembourg","Jun","LUX",13.9787,53.8896,8.1,11.9,4.7,1053.62,13.2,217,54,17,98,0,5
"1003",1984,1003,"Luxembourg","Jul","LUX",16.5187,64.8449,8.1,11.9,4.7,1053.62,13.2,217,54,17,98,0,5
"1004",1984,1004,"Luxembourg","Aug","LUX",17.5608,39.1731,8.1,11.9,4.7,1053.62,13.2,217,54,17,98,0,5
"1005",1984,1005,"Luxembourg","Sep","LUX",12.9513,165.797,8.1,11.9,4.7,1053.62,13.2,217,54,17,98,0,5
"1006",1984,1006,"Luxembourg","Oct","LUX",10.7043,118.506,8.1,11.9,4.7,1053.62,13.2,217,54,17,98,0,5
"1007",1984,1007,"Luxembourg","Nov","LUX",6.77687,99.0448,8.1,11.9,4.7,1053.62,13.2,217,54,17,98,0,5
"1008",1984,1008,"Luxembourg","Dec","LUX",2.49144,45.6783,8.1,11.9,4.7,1053.62,13.2,217,54,17,98,0,5
"1009",1985,1009,"Luxembourg","Jan","LUX",-4.4463,71.9836,7.5,11.3,3.8,879.99,13.5,191,62,35,77,0,4
"1010",1985,1010,"Luxembourg","Feb","LUX",-1.2253,31.3885,7.5,11.3,3.8,879.99,13.5,191,62,35,77,0,4
"1011",1985,1011,"Luxembourg","Mar","LUX",3.49567,81.2288,7.5,11.3,3.8,879.99,13.5,191,62,35,77,0,4
"1012",1985,1012,"Luxembourg","Apr","LUX",8.27411,88.6247,7.5,11.3,3.8,879.99,13.5,191,62,35,77,0,4
"1013",1985,1013,"Luxembourg","May","LUX",12.9083,57.2942,7.5,11.3,3.8,879.99,13.5,191,62,35,77,0,4
"1014",1985,1014,"Luxembourg","Jun","LUX",13.5765,130.096,7.5,11.3,3.8,879.99,13.5,191,62,35,77,0,4
"1015",1985,1015,"Luxembourg","Jul","LUX",17.6896,64.4583,7.5,11.3,3.8,879.99,13.5,191,62,35,77,0,4
"1016",1985,1016,"Luxembourg","Aug","LUX",16.042,78.5845,7.5,11.3,3.8,879.99,13.5,191,62,35,77,0,4
"1017",1985,1017,"Luxembourg","Sep","LUX",14.5819,47.0515,7.5,11.3,3.8,879.99,13.5,191,62,35,77,0,4
"1018",1985,1018,"Luxembourg","Oct","LUX",9.59761,18.7351,7.5,11.3,3.8,879.99,13.5,191,62,35,77,0,4
"1019",1985,1019,"Luxembourg","Nov","LUX",1.44297,85.8465,7.5,11.3,3.8,879.99,13.5,191,62,35,77,0,4
"1020",1985,1020,"Luxembourg","Dec","LUX",4.27327,72.8031,7.5,11.3,3.8,879.99,13.5,191,62,35,77,0,4
"1021",1986,1021,"Luxembourg","Jan","LUX",1.22956,147.71,7.9,11.7,4.3,1045.65,14.2,211,62,26,68,0,8
"1022",1986,1022,"Luxembourg","Feb","LUX",-4.9375,8.62507,7.9,11.7,4.3,1045.65,14.2,211,62,26,68,0,8
"1023",1986,1023,"Luxembourg","Mar","LUX",3.81741,128.49,7.9,11.7,4.3,1045.65,14.2,211,62,26,68,0,8
"1024",1986,1024,"Luxembourg","Apr","LUX",5.82756,79.6322,7.9,11.7,4.3,1045.65,14.2,211,62,26,68,0,8
"1025",1986,1025,"Luxembourg","May","LUX",13.4657,71.2173,7.9,11.7,4.3,1045.65,14.2,211,62,26,68,0,8
"1026",1986,1026,"Luxembourg","Jun","LUX",16.5744,89.592,7.9,11.7,4.3,1045.65,14.2,211,62,26,68,0,8
"1027",1986,1027,"Luxembourg","Jul","LUX",17.2459,61.2237,7.9,11.7,4.3,1045.65,14.2,211,62,26,68,0,8
"1028",1986,1028,"Luxembourg","Aug","LUX",16.1479,86.2815,7.9,11.7,4.3,1045.65,14.2,211,62,26,68,0,8
"1029",1986,1029,"Luxembourg","Sep","LUX",11.6988,83.642,7.9,11.7,4.3,1045.65,14.2,211,62,26,68,0,8
"1030",1986,1030,"Luxembourg","Oct","LUX",10.8734,111.705,7.9,11.7,4.3,1045.65,14.2,211,62,26,68,0,8
"1031",1986,1031,"Luxembourg","Nov","LUX",6.32896,70.8047,7.9,11.7,4.3,1045.65,14.2,211,62,26,68,0,8
"1032",1986,1032,"Luxembourg","Dec","LUX",3.12473,104.562,7.9,11.7,4.3,1045.65,14.2,211,62,26,68,0,8
"1033",1987,1033,"Luxembourg","Jan","LUX",-4.3224,54.2306,7.6,11.2,4.2,1091.63,13.3,209,45,26,81,0,6
"1034",1987,1034,"Luxembourg","Feb","LUX",0.85285,86.1506,7.6,11.2,4.2,1091.63,13.3,209,45,26,81,0,6
"1035",1987,1035,"Luxembourg","Mar","LUX",1.74444,101.083,7.6,11.2,4.2,1091.63,13.3,209,45,26,81,0,6
"1036",1987,1036,"Luxembourg","Apr","LUX",10.1469,43.7682,7.6,11.2,4.2,1091.63,13.3,209,45,26,81,0,6
"1037",1987,1037,"Luxembourg","May","LUX",9.81115,91.14,7.6,11.2,4.2,1091.63,13.3,209,45,26,81,0,6
"1038",1987,1038,"Luxembourg","Jun","LUX",13.9408,137.025,7.6,11.2,4.2,1091.63,13.3,209,45,26,81,0,6
"1039",1987,1039,"Luxembourg","Jul","LUX",17.0268,128.557,7.6,11.2,4.2,1091.63,13.3,209,45,26,81,0,6
"1040",1987,1040,"Luxembourg","Aug","LUX",16.3351,79.7036,7.6,11.2,4.2,1091.63,13.3,209,45,26,81,0,6
"1041",1987,1041,"Luxembourg","Sep","LUX",15.5198,94.7222,7.6,11.2,4.2,1091.63,13.3,209,45,26,81,0,6
"1042",1987,1042,"Luxembourg","Oct","LUX",10.4139,127.523,7.6,11.2,4.2,1091.63,13.3,209,45,26,81,0,6
"1043",1987,1043,"Luxembourg","Nov","LUX",5.04055,106.807,7.6,11.2,4.2,1091.63,13.3,209,45,26,81,0,6
"1044",1987,1044,"Luxembourg","Dec","LUX",2.64729,39.4478,7.6,11.2,4.2,1091.63,13.3,209,45,26,81,0,6
"1045",1988,1045,"Luxembourg","Jan","LUX",4.43339,143.587,9.1,12.7,5.6,1123.65,13.8,248,46,24,93,1,2
"1046",1988,1046,"Luxembourg","Feb","LUX",2.84219,121.414,9.1,12.7,5.6,1123.65,13.8,248,46,24,93,1,2
"1047",1988,1047,"Luxembourg","Mar","LUX",4.23767,166.852,9.1,12.7,5.6,1123.65,13.8,248,46,24,93,1,2
"1048",1988,1048,"Luxembourg","Apr","LUX",8.67888,25.931,9.1,12.7,5.6,1123.65,13.8,248,46,24,93,1,2
"1049",1988,1049,"Luxembourg","May","LUX",14.089,108.037,9.1,12.7,5.6,1123.65,13.8,248,46,24,93,1,2
"1050",1988,1050,"Luxembourg","Jun","LUX",15.0316,43.8705,9.1,12.7,5.6,1123.65,13.8,248,46,24,93,1,2
"1051",1988,1051,"Luxembourg","Jul","LUX",16.2182,128.52,9.1,12.7,5.6,1123.65,13.8,248,46,24,93,1,2
"1052",1988,1052,"Luxembourg","Aug","LUX",17.3109,42.6656,9.1,12.7,5.6,1123.65,13.8,248,46,24,93,1,2
"1053",1988,1053,"Luxembourg","Sep","LUX",13.5587,83.1564,9.1,12.7,5.6,1123.65,13.8,248,46,24,93,1,2
"1054",1988,1054,"Luxembourg","Oct","LUX",10.6285,95.9878,9.1,12.7,5.6,1123.65,13.8,248,46,24,93,1,2
"1055",1988,1055,"Luxembourg","Nov","LUX",3.93575,60.1132,9.1,12.7,5.6,1123.65,13.8,248,46,24,93,1,2
"1056",1988,1056,"Luxembourg","Dec","LUX",5.03409,119.589,9.1,12.7,5.6,1123.65,13.8,248,46,24,93,1,2
"1057",1989,1057,"Luxembourg","Jan","LUX",2.46802,32.6909,9.6,13.7,5.8,876.03,12.3,214,49,38,105,0,3
"1058",1989,1058,"Luxembourg","Feb","LUX",3.35795,71.561,9.6,13.7,5.8,876.03,12.3,214,49,38,105,0,3
"1059",1989,1059,"Luxembourg","Mar","LUX",7.91854,89.1988,9.6,13.7,5.8,876.03,12.3,214,49,38,105,0,3
"1060",1989,1060,"Luxembourg","Apr","LUX",6.78812,143.593,9.6,13.7,5.8,876.03,12.3,214,49,38,105,0,3
"1061",1989,1061,"Luxembourg","May","LUX",14.7591,35.2733,9.6,13.7,5.8,876.03,12.3,214,49,38,105,0,3
"1062",1989,1062,"Luxembourg","Jun","LUX",15.4432,77.1466,9.6,13.7,5.8,876.03,12.3,214,49,38,105,0,3
"1063",1989,1063,"Luxembourg","Jul","LUX",18.2985,59.58,9.6,13.7,5.8,876.03,12.3,214,49,38,105,0,3
"1064",1989,1064,"Luxembourg","Aug","LUX",17.5989,65.133,9.6,13.7,5.8,876.03,12.3,214,49,38,105,0,3
"1065",1989,1065,"Luxembourg","Sep","LUX",14.9393,67.1756,9.6,13.7,5.8,876.03,12.3,214,49,38,105,0,3
"1066",1989,1066,"Luxembourg","Oct","LUX",11.4927,77.6871,9.6,13.7,5.8,876.03,12.3,214,49,38,105,0,3
"1067",1989,1067,"Luxembourg","Nov","LUX",3.79381,40.3352,9.6,13.7,5.8,876.03,12.3,214,49,38,105,0,3
"1068",1989,1068,"Luxembourg","Dec","LUX",3.47343,134.891,9.6,13.7,5.8,876.03,12.3,214,49,38,105,0,3
"1069",1990,1069,"Luxembourg","Jan","LUX",2.85214,70.1018,9.8,13.8,5.9,989.82,13.7,215,58,34,85,0,4
"1070",1990,1070,"Luxembourg","Feb","LUX",6.56468,134.433,9.8,13.8,5.9,989.82,13.7,215,58,34,85,0,4
"1071",1990,1071,"Luxembourg","Mar","LUX",7.58096,30.3206,9.8,13.8,5.9,989.82,13.7,215,58,34,85,0,4
"1072",1990,1072,"Luxembourg","Apr","LUX",7.73203,53.6384,9.8,13.8,5.9,989.82,13.7,215,58,34,85,0,4
"1073",1990,1073,"Luxembourg","May","LUX",14.4119,26.1819,9.8,13.8,5.9,989.82,13.7,215,58,34,85,0,4
"1074",1990,1074,"Luxembourg","Jun","LUX",14.9078,114.347,9.8,13.8,5.9,989.82,13.7,215,58,34,85,0,4
"1075",1990,1075,"Luxembourg","Jul","LUX",17.4459,49.6923,9.8,13.8,5.9,989.82,13.7,215,58,34,85,0,4
"1076",1990,1076,"Luxembourg","Aug","LUX",19.1336,89.1737,9.8,13.8,5.9,989.82,13.7,215,58,34,85,0,4
"1077",1990,1077,"Luxembourg","Sep","LUX",12.5368,70.5549,9.8,13.8,5.9,989.82,13.7,215,58,34,85,0,4
"1078",1990,1078,"Luxembourg","Oct","LUX",11.4243,74.7294,9.8,13.8,5.9,989.82,13.7,215,58,34,85,0,4
"1079",1990,1079,"Luxembourg","Nov","LUX",5.1428,89.7424,9.8,13.8,5.9,989.82,13.7,215,58,34,85,0,4
"1080",1990,1080,"Luxembourg","Dec","LUX",1.72663,120.6,9.8,13.8,5.9,989.82,13.7,215,58,34,85,0,4
"1081",1991,1081,"Luxembourg","Jan","LUX",1.7498,100.517,8.9,13,5.1,649.74,13.3,179,51,22,69,0,6
"1082",1991,1082,"Luxembourg","Feb","LUX",-1.3817,30.0532,8.9,13,5.1,649.74,13.3,179,51,22,69,0,6
"1083",1991,1083,"Luxembourg","Mar","LUX",7.79348,50.4058,8.9,13,5.1,649.74,13.3,179,51,22,69,0,6
"1084",1991,1084,"Luxembourg","Apr","LUX",7.7769,51.0135,8.9,13,5.1,649.74,13.3,179,51,22,69,0,6
"1085",1991,1085,"Luxembourg","May","LUX",10.1758,19.6056,8.9,13,5.1,649.74,13.3,179,51,22,69,0,6
"1086",1991,1086,"Luxembourg","Jun","LUX",13.2422,81.473,8.9,13,5.1,649.74,13.3,179,51,22,69,0,6
"1087",1991,1087,"Luxembourg","Jul","LUX",19.3299,80.6118,8.9,13,5.1,649.74,13.3,179,51,22,69,0,6
"1088",1991,1088,"Luxembourg","Aug","LUX",19.083,19.3511,8.9,13,5.1,649.74,13.3,179,51,22,69,0,6
"1089",1991,1089,"Luxembourg","Sep","LUX",15.8982,64.0812,8.9,13,5.1,649.74,13.3,179,51,22,69,0,6
"1090",1991,1090,"Luxembourg","Oct","LUX",9.34884,48.8543,8.9,13,5.1,649.74,13.3,179,51,22,69,0,6
"1091",1991,1091,"Luxembourg","Nov","LUX",4.38908,129.313,8.9,13,5.1,649.74,13.3,179,51,22,69,0,6
"1092",1991,1092,"Luxembourg","Dec","LUX",1.59719,87.7089,8.9,13,5.1,649.74,13.3,179,51,22,69,0,6
"1093",1992,1093,"Luxembourg","Jan","LUX",1.07408,35.5539,9.6,13.5,5.8,733.13,13.4,221,48,37,89,0,3
"1094",1992,1094,"Luxembourg","Feb","LUX",3.37729,46.1027,9.6,13.5,5.8,733.13,13.4,221,48,37,89,0,3
"1095",1992,1095,"Luxembourg","Mar","LUX",6.0123,97.2416,9.6,13.5,5.8,733.13,13.4,221,48,37,89,0,3
"1096",1992,1096,"Luxembourg","Apr","LUX",8.38956,52.3693,9.6,13.5,5.8,733.13,13.4,221,48,37,89,0,3
"1097",1992,1097,"Luxembourg","May","LUX",14.9431,48.7976,9.6,13.5,5.8,733.13,13.4,221,48,37,89,0,3
"1098",1992,1098,"Luxembourg","Jun","LUX",16.5316,98.3852,9.6,13.5,5.8,733.13,13.4,221,48,37,89,0,3
"1099",1992,1099,"Luxembourg","Jul","LUX",18.608,86.5443,9.6,13.5,5.8,733.13,13.4,221,48,37,89,0,3
"1100",1992,1100,"Luxembourg","Aug","LUX",18.7912,113.152,9.6,13.5,5.8,733.13,13.4,221,48,37,89,0,3
"1101",1992,1101,"Luxembourg","Sep","LUX",13.9704,43.4267,9.6,13.5,5.8,733.13,13.4,221,48,37,89,0,3
"1102",1992,1102,"Luxembourg","Oct","LUX",7.33903,97.1382,9.6,13.5,5.8,733.13,13.4,221,48,37,89,0,3
"1103",1992,1103,"Luxembourg","Nov","LUX",6.571,125.8,9.6,13.5,5.8,733.13,13.4,221,48,37,89,0,3
"1104",1992,1104,"Luxembourg","Dec","LUX",2.59104,79.3957,9.6,13.5,5.8,733.13,13.4,221,48,37,89,0,3
"1105",1993,1105,"Luxembourg","Jan","LUX",3.76815,119.308,9,12.9,5.3,856.97,14,195,53,38,73,0,3
"1106",1993,1106,"Luxembourg","Feb","LUX",0.15359,26.4869,9,12.9,5.3,856.97,14,195,53,38,73,0,3
"1107",1993,1107,"Luxembourg","Mar","LUX",5.27695,10.3029,9,12.9,5.3,856.97,14,195,53,38,73,0,3
"1108",1993,1108,"Luxembourg","Apr","LUX",10.89,46.6747,9,12.9,5.3,856.97,14,195,53,38,73,0,3
"1109",1993,1109,"Luxembourg","May","LUX",14.2617,90.5951,9,12.9,5.3,856.97,14,195,53,38,73,0,3
"1110",1993,1110,"Luxembourg","Jun","LUX",16.5772,46.9483,9,12.9,5.3,856.97,14,195,53,38,73,0,3
"1111",1993,1111,"Luxembourg","Jul","LUX",16.7932,122.474,9,12.9,5.3,856.97,14,195,53,38,73,0,3
"1112",1993,1112,"Luxembourg","Aug","LUX",16.3476,29.8622,9,12.9,5.3,856.97,14,195,53,38,73,0,3
"1113",1993,1113,"Luxembourg","Sep","LUX",12.9536,150.022,9,12.9,5.3,856.97,14,195,53,38,73,0,3
"1114",1993,1114,"Luxembourg","Oct","LUX",8.51072,98.0519,9,12.9,5.3,856.97,14,195,53,38,73,0,3
"1115",1993,1115,"Luxembourg","Nov","LUX",1.34636,38.1282,9,12.9,5.3,856.97,14,195,53,38,73,0,3
"1116",1993,1116,"Luxembourg","Dec","LUX",4.16671,238.484,9,12.9,5.3,856.97,14,195,53,38,73,0,3
"1117",1994,1117,"Luxembourg","Jan","LUX",3.34887,122.724,10.2,14,6.6,687.61,14,38,4,2,11,0,0
"1118",1994,1118,"Luxembourg","Feb","LUX",1.66129,48.9364,10.2,14,6.6,687.61,14,38,4,2,11,0,0
"1119",1994,1119,"Luxembourg","Mar","LUX",7.45088,90.1717,10.2,14,6.6,687.61,14,38,4,2,11,0,0
"1120",1994,1120,"Luxembourg","Apr","LUX",8.02355,67.7449,10.2,14,6.6,687.61,14,38,4,2,11,0,0
"1121",1994,1121,"Luxembourg","May","LUX",12.5306,78.2202,10.2,14,6.6,687.61,14,38,4,2,11,0,0
"1122",1994,1122,"Luxembourg","Jun","LUX",16.4266,59.9331,10.2,14,6.6,687.61,14,38,4,2,11,0,0
"1123",1994,1123,"Luxembourg","Jul","LUX",21.5227,50.5478,10.2,14,6.6,687.61,14,38,4,2,11,0,0
"1124",1994,1124,"Luxembourg","Aug","LUX",18.0848,62.7252,10.2,14,6.6,687.61,14,38,4,2,11,0,0
"1125",1994,1125,"Luxembourg","Sep","LUX",13.4095,118.404,10.2,14,6.6,687.61,14,38,4,2,11,0,0
"1126",1994,1126,"Luxembourg","Oct","LUX",9.21942,69.1139,10.2,14,6.6,687.61,14,38,4,2,11,0,0
"1127",1994,1127,"Luxembourg","Nov","LUX",8.78858,56.0991,10.2,14,6.6,687.61,14,38,4,2,11,0,0
"1128",1994,1128,"Luxembourg","Dec","LUX",4.6525,108.071,10.2,14,6.6,687.61,14,38,4,2,11,0,0
"1129",1995,1129,"Luxembourg","Jan","LUX",2.03226,193.818,9.7,13.6,6,776.55,13,100,19,15,46,0,5
"1130",1995,1130,"Luxembourg","Feb","LUX",5.52517,109.571,9.7,13.6,6,776.55,13,100,19,15,46,0,5
"1131",1995,1131,"Luxembourg","Mar","LUX",4.32583,111.959,9.7,13.6,6,776.55,13,100,19,15,46,0,5
"1132",1995,1132,"Luxembourg","Apr","LUX",8.79782,65.6535,9.7,13.6,6,776.55,13,100,19,15,46,0,5
"1133",1995,1133,"Luxembourg","May","LUX",12.9366,69.2413,9.7,13.6,6,776.55,13,100,19,15,46,0,5
"1134",1995,1134,"Luxembourg","Jun","LUX",14.761,53.597,9.7,13.6,6,776.55,13,100,19,15,46,0,5
"1135",1995,1135,"Luxembourg","Jul","LUX",20.7362,67.102,9.7,13.6,6,776.55,13,100,19,15,46,0,5
"1136",1995,1136,"Luxembourg","Aug","LUX",19.3933,53.7837,9.7,13.6,6,776.55,13,100,19,15,46,0,5
"1137",1995,1137,"Luxembourg","Sep","LUX",13.0021,96.2668,9.7,13.6,6,776.55,13,100,19,15,46,0,5
"1138",1995,1138,"Luxembourg","Oct","LUX",12.7877,42.871,9.7,13.6,6,776.55,13,100,19,15,46,0,5
"1139",1995,1139,"Luxembourg","Nov","LUX",5.04924,51.0854,9.7,13.6,6,776.55,13,100,19,15,46,0,5
"1140",1995,1140,"Luxembourg","Dec","LUX",-0.2005,72.7835,9.7,13.6,6,776.55,13,100,19,15,46,0,5
"1141",1996,1141,"Luxembourg","Jan","LUX",-0.4927,11.5047,8,11.8,4.4,619.31,9.6,166,48,10,61,0,1
"1142",1996,1142,"Luxembourg","Feb","LUX",-0.0581,75.7231,8,11.8,4.4,619.31,9.6,166,48,10,61,0,1
"1143",1996,1143,"Luxembourg","Mar","LUX",2.92007,25.5085,8,11.8,4.4,619.31,9.6,166,48,10,61,0,1
"1144",1996,1144,"Luxembourg","Apr","LUX",9.29085,12.5127,8,11.8,4.4,619.31,9.6,166,48,10,61,0,1
"1145",1996,1145,"Luxembourg","May","LUX",10.8477,84.4133,8,11.8,4.4,619.31,9.6,166,48,10,61,0,1
"1146",1996,1146,"Luxembourg","Jun","LUX",16.2295,32.4122,8,11.8,4.4,619.31,9.6,166,48,10,61,0,1
"1147",1996,1147,"Luxembourg","Jul","LUX",16.7226,59.507,8,11.8,4.4,619.31,9.6,166,48,10,61,0,1
"1148",1996,1148,"Luxembourg","Aug","LUX",17.2635,80.7188,8,11.8,4.4,619.31,9.6,166,48,10,61,0,1
"1149",1996,1149,"Luxembourg","Sep","LUX",12.0576,35.9007,8,11.8,4.4,619.31,9.6,166,48,10,61,0,1
"1150",1996,1150,"Luxembourg","Oct","LUX",10.1398,80.2905,8,11.8,4.4,619.31,9.6,166,48,10,61,0,1
"1151",1996,1151,"Luxembourg","Nov","LUX",4.70704,136.32,8,11.8,4.4,619.31,9.6,166,48,10,61,0,1
"1152",1996,1152,"Luxembourg","Dec","LUX",-0.6973,60.8294,8,11.8,4.4,619.31,9.6,166,48,10,61,0,1
"1153",1997,1153,"Luxembourg","Jan","LUX",-2.424,22.6545,9.6,13.7,5.9,823.53,6,180,28,27,63,0,7
"1154",1997,1154,"Luxembourg","Feb","LUX",5.03522,124.728,9.6,13.7,5.9,823.53,6,180,28,27,63,0,7
"1155",1997,1155,"Luxembourg","Mar","LUX",7.68088,37.0059,9.6,13.7,5.9,823.53,6,180,28,27,63,0,7
"1156",1997,1156,"Luxembourg","Apr","LUX",7.67163,36.0057,9.6,13.7,5.9,823.53,6,180,28,27,63,0,7
"1157",1997,1157,"Luxembourg","May","LUX",12.9145,96.8298,9.6,13.7,5.9,823.53,6,180,28,27,63,0,7
"1158",1997,1158,"Luxembourg","Jun","LUX",15.7067,150.654,9.6,13.7,5.9,823.53,6,180,28,27,63,0,7
"1159",1997,1159,"Luxembourg","Jul","LUX",17.3098,79.6622,9.6,13.7,5.9,823.53,6,180,28,27,63,0,7
"1160",1997,1160,"Luxembourg","Aug","LUX",20.4906,46.882,9.6,13.7,5.9,823.53,6,180,28,27,63,0,7
"1161",1997,1161,"Luxembourg","Sep","LUX",14.6716,28.7556,9.6,13.7,5.9,823.53,6,180,28,27,63,0,7
"1162",1997,1162,"Luxembourg","Oct","LUX",9.12022,78.2395,9.6,13.7,5.9,823.53,6,180,28,27,63,0,7
"1163",1997,1163,"Luxembourg","Nov","LUX",5.31754,93.6745,9.6,13.7,5.9,823.53,6,180,28,27,63,0,7
"1164",1997,1164,"Luxembourg","Dec","LUX",3.46759,110.444,9.6,13.7,5.9,823.53,6,180,28,27,63,0,7
"1165",1998,1165,"Luxembourg","Jan","LUX",2.88312,85.8961,9.3,13.1,5.9,809.3,10.7,211,38,13,47,0,8
"1166",1998,1166,"Luxembourg","Feb","LUX",4.37771,15.4173,9.3,13.1,5.9,809.3,10.7,211,38,13,47,0,8
"1167",1998,1167,"Luxembourg","Mar","LUX",6.54608,73.2697,9.3,13.1,5.9,809.3,10.7,211,38,13,47,0,8
"1168",1998,1168,"Luxembourg","Apr","LUX",8.4087,136.663,9.3,13.1,5.9,809.3,10.7,211,38,13,47,0,8
"1169",1998,1169,"Luxembourg","May","LUX",14.6511,60.6365,9.3,13.1,5.9,809.3,10.7,211,38,13,47,0,8
"1170",1998,1170,"Luxembourg","Jun","LUX",16.3057,88.8648,9.3,13.1,5.9,809.3,10.7,211,38,13,47,0,8
"1171",1998,1171,"Luxembourg","Jul","LUX",16.5152,56.2286,9.3,13.1,5.9,809.3,10.7,211,38,13,47,0,8
"1172",1998,1172,"Luxembourg","Aug","LUX",17.5806,44.142,9.3,13.1,5.9,809.3,10.7,211,38,13,47,0,8
"1173",1998,1173,"Luxembourg","Sep","LUX",14.2419,129.066,9.3,13.1,5.9,809.3,10.7,211,38,13,47,0,8
"1174",1998,1174,"Luxembourg","Oct","LUX",9.36591,200.892,9.3,13.1,5.9,809.3,10.7,211,38,13,47,0,8
"1175",1998,1175,"Luxembourg","Nov","LUX",2.39381,78.17,9.3,13.1,5.9,809.3,10.7,211,38,13,47,0,8
"1176",1998,1176,"Luxembourg","Dec","LUX",2.6592,70.8007,9.3,13.1,5.9,809.3,10.7,211,38,13,47,0,8
"1177",1999,1177,"Luxembourg","Jan","LUX",3.57921,105.506,9.9,13.8,6.3,735,12.2,208,57,31,50,0,3
"1178",1999,1178,"Luxembourg","Feb","LUX",1.78373,81.464,9.9,13.8,6.3,735,12.2,208,57,31,50,0,3
"1179",1999,1179,"Luxembourg","Mar","LUX",6.55229,94.2197,9.9,13.8,6.3,735,12.2,208,57,31,50,0,3
"1180",1999,1180,"Luxembourg","Apr","LUX",9.35558,71.6908,9.9,13.8,6.3,735,12.2,208,57,31,50,0,3
"1181",1999,1181,"Luxembourg","May","LUX",14.3632,52.4528,9.9,13.8,6.3,735,12.2,208,57,31,50,0,3
"1182",1999,1182,"Luxembourg","Jun","LUX",15.4473,80.3834,9.9,13.8,6.3,735,12.2,208,57,31,50,0,3
"1183",1999,1183,"Luxembourg","Jul","LUX",19.4318,70.2183,9.9,13.8,6.3,735,12.2,208,57,31,50,0,3
"1184",1999,1184,"Luxembourg","Aug","LUX",17.7664,82.3638,9.9,13.8,6.3,735,12.2,208,57,31,50,0,3
"1185",1999,1185,"Luxembourg","Sep","LUX",17.243,71.0619,9.9,13.8,6.3,735,12.2,208,57,31,50,0,3
"1186",1999,1186,"Luxembourg","Oct","LUX",9.81554,64.4591,9.9,13.8,6.3,735,12.2,208,57,31,50,0,3
"1187",1999,1187,"Luxembourg","Nov","LUX",4.33096,54.4341,9.9,13.8,6.3,735,12.2,208,57,31,50,0,3
"1188",1999,1188,"Luxembourg","Dec","LUX",3.0911,200.032,9.9,13.8,6.3,735,12.2,208,57,31,50,0,3
"1189",2000,1189,"Luxembourg","Jan","LUX",2.27385,54.1704,10.1,13.9,6.5,NA,12.3,225,27,31,48,0,5
"1190",2000,1190,"Luxembourg","Feb","LUX",4.66655,105.248,10.1,13.9,6.5,NA,12.3,225,27,31,48,0,5
"1191",2000,1191,"Luxembourg","Mar","LUX",6.16981,77.6908,10.1,13.9,6.5,NA,12.3,225,27,31,48,0,5
"1192",2000,1192,"Luxembourg","Apr","LUX",9.83312,61.5731,10.1,13.9,6.5,NA,12.3,225,27,31,48,0,5
"1193",2000,1193,"Luxembourg","May","LUX",14.6232,102.982,10.1,13.9,6.5,NA,12.3,225,27,31,48,0,5
"1194",2000,1194,"Luxembourg","Jun","LUX",17.0006,42.9082,10.1,13.9,6.5,NA,12.3,225,27,31,48,0,5
"1195",2000,1195,"Luxembourg","Jul","LUX",15.2627,191.507,10.1,13.9,6.5,NA,12.3,225,27,31,48,0,5
"1196",2000,1196,"Luxembourg","Aug","LUX",18.2404,59.499,10.1,13.9,6.5,NA,12.3,225,27,31,48,0,5
"1197",2000,1197,"Luxembourg","Sep","LUX",15.2429,117.719,10.1,13.9,6.5,NA,12.3,225,27,31,48,0,5
"1198",2000,1198,"Luxembourg","Oct","LUX",10.7887,99.0813,10.1,13.9,6.5,NA,12.3,225,27,31,48,0,5
"1199",2000,1199,"Luxembourg","Nov","LUX",6.71201,124.322,10.1,13.9,6.5,NA,12.3,225,27,31,48,0,5
"1200",2000,1200,"Luxembourg","Dec","LUX",4.48245,84.1969,10.1,13.9,6.5,NA,12.3,225,27,31,48,0,5
"1201",2001,1201,"Luxembourg","Jan","LUX",2.05186,121.035,9.6,13.5,5.9,NA,12.6,200,47,17,68,0,4
"1202",2001,1202,"Luxembourg","Feb","LUX",3.77913,85.2932,9.6,13.5,5.9,NA,12.6,200,47,17,68,0,4
"1203",2001,1203,"Luxembourg","Mar","LUX",5.82765,166.822,9.6,13.5,5.9,NA,12.6,200,47,17,68,0,4
"1204",2001,1204,"Luxembourg","Apr","LUX",7.49613,121.728,9.6,13.5,5.9,NA,12.6,200,47,17,68,0,4
"1205",2001,1205,"Luxembourg","May","LUX",14.8032,28.1459,9.6,13.5,5.9,NA,12.6,200,47,17,68,0,4
"1206",2001,1206,"Luxembourg","Jun","LUX",15.1212,68.3848,9.6,13.5,5.9,NA,12.6,200,47,17,68,0,4
"1207",2001,1207,"Luxembourg","Jul","LUX",18.7889,107.613,9.6,13.5,5.9,NA,12.6,200,47,17,68,0,4
"1208",2001,1208,"Luxembourg","Aug","LUX",18.9961,65.4804,9.6,13.5,5.9,NA,12.6,200,47,17,68,0,4
"1209",2001,1209,"Luxembourg","Sep","LUX",12.2402,143.166,9.6,13.5,5.9,NA,12.6,200,47,17,68,0,4
"1210",2001,1210,"Luxembourg","Oct","LUX",13.3963,69.827,9.6,13.5,5.9,NA,12.6,200,47,17,68,0,4
"1211",2001,1211,"Luxembourg","Nov","LUX",4.6329,116.235,9.6,13.5,5.9,NA,12.6,200,47,17,68,0,4
"1212",2001,1212,"Luxembourg","Dec","LUX",1.85524,79.6671,9.6,13.5,5.9,NA,12.6,200,47,17,68,0,4
"1213",2002,1213,"Luxembourg","Jan","LUX",1.72222,59.4738,NA,NA,NA,NA,NA,193,15,18,64,0,4
"1214",2002,1214,"Luxembourg","Feb","LUX",6.03401,163.271,NA,NA,NA,NA,NA,193,15,18,64,0,4
"1215",2002,1215,"Luxembourg","Mar","LUX",6.65476,73.4704,NA,NA,NA,NA,NA,193,15,18,64,0,4
"1216",2002,1216,"Luxembourg","Apr","LUX",8.95955,53.672,NA,NA,NA,NA,NA,193,15,18,64,0,4
"1217",2002,1217,"Luxembourg","May","LUX",13.0641,68.5922,NA,NA,NA,NA,NA,193,15,18,64,0,4
"1218",2002,1218,"Luxembourg","Jun","LUX",17.4343,53.273,NA,NA,NA,NA,NA,193,15,18,64,0,4
"1219",2002,1219,"Luxembourg","Jul","LUX",17.615,94.4359,NA,NA,NA,NA,NA,193,15,18,64,0,4
"1220",2002,1220,"Luxembourg","Aug","LUX",18.2444,115.72,NA,NA,NA,NA,NA,193,15,18,64,0,4
"1221",2002,1221,"Luxembourg","Sep","LUX",13.821,44.7331,NA,NA,NA,NA,NA,193,15,18,64,0,4
"1222",2002,1222,"Luxembourg","Oct","LUX",9.80435,121.59,NA,NA,NA,NA,NA,193,15,18,64,0,4
"1223",2002,1223,"Luxembourg","Nov","LUX",7.39967,136.918,NA,NA,NA,NA,NA,193,15,18,64,0,4
"1224",2002,1224,"Luxembourg","Dec","LUX",3.21472,108.864,NA,NA,NA,NA,NA,193,15,18,64,0,4
"1225",2003,1225,"Luxembourg","Jan","LUX",0.58976,126.616,10.4,14.9,6.2,639.06,11.7,158,25,31,61,0,4
"1226",2003,1226,"Luxembourg","Feb","LUX",0.84296,26.1528,10.4,14.9,6.2,639.06,11.7,158,25,31,61,0,4
"1227",2003,1227,"Luxembourg","Mar","LUX",7.5619,39.715,10.4,14.9,6.2,639.06,11.7,158,25,31,61,0,4
"1228",2003,1228,"Luxembourg","Apr","LUX",9.54765,54.3627,10.4,14.9,6.2,639.06,11.7,158,25,31,61,0,4
"1229",2003,1229,"Luxembourg","May","LUX",13.7901,90.1671,10.4,14.9,6.2,639.06,11.7,158,25,31,61,0,4
"1230",2003,1230,"Luxembourg","Jun","LUX",18.6219,55.8619,10.4,14.9,6.2,639.06,11.7,158,25,31,61,0,4
"1231",2003,1231,"Luxembourg","Jul","LUX",19.4287,57.4997,10.4,14.9,6.2,639.06,11.7,158,25,31,61,0,4
"1232",2003,1232,"Luxembourg","Aug","LUX",20.1518,47.5429,10.4,14.9,6.2,639.06,11.7,158,25,31,61,0,4
"1233",2003,1233,"Luxembourg","Sep","LUX",14.8813,48.5691,10.4,14.9,6.2,639.06,11.7,158,25,31,61,0,4
"1234",2003,1234,"Luxembourg","Oct","LUX",7.32615,89.2498,10.4,14.9,6.2,639.06,11.7,158,25,31,61,0,4
"1235",2003,1235,"Luxembourg","Nov","LUX",6.86172,61.5454,10.4,14.9,6.2,639.06,11.7,158,25,31,61,0,4
"1236",2003,1236,"Luxembourg","Dec","LUX",2.83777,66.99,10.4,14.9,6.2,639.06,11.7,158,25,31,61,0,4
"1237",2004,1237,"Luxembourg","Jan","LUX",1.50788,147.881,9.3,13.2,5.7,714.79,12.1,204,44,35,70,0,4
"1238",2004,1238,"Luxembourg","Feb","LUX",3.47683,45.3125,9.3,13.2,5.7,714.79,12.1,204,44,35,70,0,4
"1239",2004,1239,"Luxembourg","Mar","LUX",5.16561,37.6341,9.3,13.2,5.7,714.79,12.1,204,44,35,70,0,4
"1240",2004,1240,"Luxembourg","Apr","LUX",9.88576,53.5635,9.3,13.2,5.7,714.79,12.1,204,44,35,70,0,4
"1241",2004,1241,"Luxembourg","May","LUX",12.0871,63.6176,9.3,13.2,5.7,714.79,12.1,204,44,35,70,0,4
"1242",2004,1242,"Luxembourg","Jun","LUX",15.9426,54.024,9.3,13.2,5.7,714.79,12.1,204,44,35,70,0,4
"1243",2004,1243,"Luxembourg","Jul","LUX",17.2385,102.506,9.3,13.2,5.7,714.79,12.1,204,44,35,70,0,4
"1244",2004,1244,"Luxembourg","Aug","LUX",18.6234,121.942,9.3,13.2,5.7,714.79,12.1,204,44,35,70,0,4
"1245",2004,1245,"Luxembourg","Sep","LUX",15.215,56.4973,9.3,13.2,5.7,714.79,12.1,204,44,35,70,0,4
"1246",2004,1246,"Luxembourg","Oct","LUX",10.9884,85.4347,9.3,13.2,5.7,714.79,12.1,204,44,35,70,0,4
"1247",2004,1247,"Luxembourg","Nov","LUX",4.96556,69.7112,9.3,13.2,5.7,714.79,12.1,204,44,35,70,0,4
"1248",2004,1248,"Luxembourg","Dec","LUX",1.25847,65.7551,9.3,13.2,5.7,714.79,12.1,204,44,35,70,0,4
"1249",2005,1249,"Luxembourg","Jan","LUX",2.71821,69.3708,NA,NA,NA,NA,NA,NA,NA,NA,NA,NA,NA
"1250",2005,1250,"Luxembourg","Feb","LUX",0.44895,73.8105,NA,NA,NA,NA,NA,NA,NA,NA,NA,NA,NA
"1251",2005,1251,"Luxembourg","Mar","LUX",5.75796,46.623,NA,NA,NA,NA,NA,NA,NA,NA,NA,NA,NA
"1252",2005,1252,"Luxembourg","Apr","LUX",9.84669,67.169,NA,NA,NA,NA,NA,NA,NA,NA,NA,NA,NA
"1253",2005,1253,"Luxembourg","May","LUX",13.0047,71.6239,NA,NA,NA,NA,NA,NA,NA,NA,NA,NA,NA
"1254",2005,1254,"Luxembourg","Jun","LUX",17.6929,47.2524,NA,NA,NA,NA,NA,NA,NA,NA,NA,NA,NA
"1255",2005,1255,"Luxembourg","Jul","LUX",18.3368,117.082,NA,NA,NA,NA,NA,NA,NA,NA,NA,NA,NA
"1256",2005,1256,"Luxembourg","Aug","LUX",16.2579,68.2159,NA,NA,NA,NA,NA,NA,NA,NA,NA,NA,NA
"1257",2005,1257,"Luxembourg","Sep","LUX",15.9988,58.6635,NA,NA,NA,NA,NA,NA,NA,NA,NA,NA,NA
"1258",2005,1258,"Luxembourg","Oct","LUX",12.726,62.8561,NA,NA,NA,NA,NA,NA,NA,NA,NA,NA,NA
"1259",2005,1259,"Luxembourg","Nov","LUX",4.96264,60.8902,NA,NA,NA,NA,NA,NA,NA,NA,NA,NA,NA
"1260",2005,1260,"Luxembourg","Dec","LUX",1.88992,75.1809,NA,NA,NA,NA,NA,NA,NA,NA,NA,NA,NA
"1261",2006,1261,"Luxembourg","Jan","LUX",-0.6518,32.2895,10.2,14.1,6.5,NA,12,174,29,26,64,0,5
"1262",2006,1262,"Luxembourg","Feb","LUX",1.05127,73.6266,10.2,14.1,6.5,NA,12,174,29,26,64,0,5
"1263",2006,1263,"Luxembourg","Mar","LUX",3.33053,106.803,10.2,14.1,6.5,NA,12,174,29,26,64,0,5
"1264",2006,1264,"Luxembourg","Apr","LUX",8.59511,55.3704,10.2,14.1,6.5,NA,12,174,29,26,64,0,5
"1265",2006,1265,"Luxembourg","May","LUX",13.5868,122.589,10.2,14.1,6.5,NA,12,174,29,26,64,0,5
"1266",2006,1266,"Luxembourg","Jun","LUX",17.2512,44.0683,10.2,14.1,6.5,NA,12,174,29,26,64,0,5
"1267",2006,1267,"Luxembourg","Jul","LUX",21.9099,30.627,10.2,14.1,6.5,NA,12,174,29,26,64,0,5
"1268",2006,1268,"Luxembourg","Aug","LUX",15.6591,168.255,10.2,14.1,6.5,NA,12,174,29,26,64,0,5
"1269",2006,1269,"Luxembourg","Sep","LUX",17.6364,35.7672,10.2,14.1,6.5,NA,12,174,29,26,64,0,5
"1270",2006,1270,"Luxembourg","Oct","LUX",13.1561,99.3362,10.2,14.1,6.5,NA,12,174,29,26,64,0,5
"1271",2006,1271,"Luxembourg","Nov","LUX",7.76663,82.6697,10.2,14.1,6.5,NA,12,174,29,26,64,0,5
"1272",2006,1272,"Luxembourg","Dec","LUX",4.4587,83.0739,10.2,14.1,6.5,NA,12,174,29,26,64,0,5
"1273",2007,1273,"Luxembourg","Jan","LUX",5.38317,94.3773,10.5,14.4,6.7,993.17,13.2,193,16,27,45,0,1
"1274",2007,1274,"Luxembourg","Feb","LUX",5.33647,121.461,10.5,14.4,6.7,993.17,13.2,193,16,27,45,0,1
"1275",2007,1275,"Luxembourg","Mar","LUX",6.79019,90.4151,10.5,14.4,6.7,993.17,13.2,193,16,27,45,0,1
"1276",2007,1276,"Luxembourg","Apr","LUX",12.2489,3.17807,10.5,14.4,6.7,993.17,13.2,193,16,27,45,0,1
"1277",2007,1277,"Luxembourg","May","LUX",14.431,113.241,10.5,14.4,6.7,993.17,13.2,193,16,27,45,0,1
"1278",2007,1278,"Luxembourg","Jun","LUX",17.3489,120.232,10.5,14.4,6.7,993.17,13.2,193,16,27,45,0,1
"1279",2007,1279,"Luxembourg","Jul","LUX",17.0902,119.834,10.5,14.4,6.7,993.17,13.2,193,16,27,45,0,1
"1280",2007,1280,"Luxembourg","Aug","LUX",16.9151,110.921,10.5,14.4,6.7,993.17,13.2,193,16,27,45,0,1
"1281",2007,1281,"Luxembourg","Sep","LUX",13.3096,67.5448,10.5,14.4,6.7,993.17,13.2,193,16,27,45,0,1
"1282",2007,1282,"Luxembourg","Oct","LUX",9.66388,39.2672,10.5,14.4,6.7,993.17,13.2,193,16,27,45,0,1
"1283",2007,1283,"Luxembourg","Nov","LUX",4.94785,81.7174,10.5,14.4,6.7,993.17,13.2,193,16,27,45,0,1
"1284",2007,1284,"Luxembourg","Dec","LUX",2.11447,102.983,10.5,14.4,6.7,993.17,13.2,193,16,27,45,0,1
"1285",2008,1285,"Luxembourg","Jan","LUX",4.32976,90.4438,9.7,13.7,6,872.49,13,205,31,21,63,1,2
"1286",2008,1286,"Luxembourg","Feb","LUX",4.34775,72.9239,9.7,13.7,6,872.49,13,205,31,21,63,1,2
"1287",2008,1287,"Luxembourg","Mar","LUX",5.15074,129.867,9.7,13.7,6,872.49,13,205,31,21,63,1,2
"1288",2008,1288,"Luxembourg","Apr","LUX",8.09787,75.4125,9.7,13.7,6,872.49,13,205,31,21,63,1,2
"1289",2008,1289,"Luxembourg","May","LUX",15.6845,51.4281,9.7,13.7,6,872.49,13,205,31,21,63,1,2
"1290",2008,1290,"Luxembourg","Jun","LUX",16.6292,86.9005,9.7,13.7,6,872.49,13,205,31,21,63,1,2
"1291",2008,1291,"Luxembourg","Jul","LUX",18.0097,106.902,9.7,13.7,6,872.49,13,205,31,21,63,1,2
"1292",2008,1292,"Luxembourg","Aug","LUX",17.428,89.6385,9.7,13.7,6,872.49,13,205,31,21,63,1,2
"1293",2008,1293,"Luxembourg","Sep","LUX",12.9445,91.4441,9.7,13.7,6,872.49,13,205,31,21,63,1,2
"1294",2008,1294,"Luxembourg","Oct","LUX",9.61786,86.8058,9.7,13.7,6,872.49,13,205,31,21,63,1,2
"1295",2008,1295,"Luxembourg","Nov","LUX",5.6529,56.0519,9.7,13.7,6,872.49,13,205,31,21,63,1,2
"1296",2008,1296,"Luxembourg","Dec","LUX",1.29496,59.6942,9.7,13.7,6,872.49,13,205,31,21,63,1,2
"1297",2009,1297,"Luxembourg","Jan","LUX",-1.4922,70.3936,10,14.1,6.1,801.12,12.4,173,40,27,57,0,4
"1298",2009,1298,"Luxembourg","Feb","LUX",1.98316,68.2981,10,14.1,6.1,801.12,12.4,173,40,27,57,0,4
"1299",2009,1299,"Luxembourg","Mar","LUX",5.38256,86.3763,10,14.1,6.1,801.12,12.4,173,40,27,57,0,4
"1300",2009,1300,"Luxembourg","Apr","LUX",11.9753,51.2378,10,14.1,6.1,801.12,12.4,173,40,27,57,0,4
"1301",2009,1301,"Luxembourg","May","LUX",14.2434,54.3032,10,14.1,6.1,801.12,12.4,173,40,27,57,0,4
"1302",2009,1302,"Luxembourg","Jun","LUX",15.9331,85.6913,10,14.1,6.1,801.12,12.4,173,40,27,57,0,4
"1303",2009,1303,"Luxembourg","Jul","LUX",18.3607,113.554,10,14.1,6.1,801.12,12.4,173,40,27,57,0,4
"1304",2009,1304,"Luxembourg","Aug","LUX",19.2066,41.556,10,14.1,6.1,801.12,12.4,173,40,27,57,0,4
"1305",2009,1305,"Luxembourg","Sep","LUX",15.2795,41.8129,10,14.1,6.1,801.12,12.4,173,40,27,57,0,4
"1306",2009,1306,"Luxembourg","Oct","LUX",9.90813,75.6321,10,14.1,6.1,801.12,12.4,173,40,27,57,0,4
"1307",2009,1307,"Luxembourg","Nov","LUX",8.22106,147.501,10,14.1,6.1,801.12,12.4,173,40,27,57,0,4
"1308",2009,1308,"Luxembourg","Dec","LUX",1.63147,119.257,10,14.1,6.1,801.12,12.4,173,40,27,57,0,4
"1309",2010,1309,"Luxembourg","Jan","LUX",-1.7491,54.0197,8.7,12.8,5,825.42,12.4,177,66,16,58,0,4
"1310",2010,1310,"Luxembourg","Feb","LUX",1.3065,85.1758,8.7,12.8,5,825.42,12.4,177,66,16,58,0,4
"1311",2010,1311,"Luxembourg","Mar","LUX",5.42106,60.3594,8.7,12.8,5,825.42,12.4,177,66,16,58,0,4
"1312",2010,1312,"Luxembourg","Apr","LUX",9.61655,21.6446,8.7,12.8,5,825.42,12.4,177,66,16,58,0,4
"1313",2010,1313,"Luxembourg","May","LUX",10.7739,99.1032,8.7,12.8,5,825.42,12.4,177,66,16,58,0,4
"1314",2010,1314,"Luxembourg","Jun","LUX",17.1207,54.554,8.7,12.8,5,825.42,12.4,177,66,16,58,0,4
"1315",2010,1315,"Luxembourg","Jul","LUX",19.9254,66.5757,8.7,12.8,5,825.42,12.4,177,66,16,58,0,4
"1316",2010,1316,"Luxembourg","Aug","LUX",16.8758,148.985,8.7,12.8,5,825.42,12.4,177,66,16,58,0,4
"1317",2010,1317,"Luxembourg","Sep","LUX",13.2703,88.1991,8.7,12.8,5,825.42,12.4,177,66,16,58,0,4
"1318",2010,1318,"Luxembourg","Oct","LUX",9.37479,54.8442,8.7,12.8,5,825.42,12.4,177,66,16,58,0,4
"1319",2010,1319,"Luxembourg","Nov","LUX",5.43928,123.702,8.7,12.8,5,825.42,12.4,177,66,16,58,0,4
"1320",2010,1320,"Luxembourg","Dec","LUX",-1.9846,119.723,8.7,12.8,5,825.42,12.4,177,66,16,58,0,4
"1321",2011,1321,"Luxembourg","Jan","LUX",2.07831,91.172,10.7,15,6.6,631.48,12.2,187,30,26,66,1,2
"1322",2011,1322,"Luxembourg","Feb","LUX",3.40731,47.1777,10.7,15,6.6,631.48,12.2,187,30,26,66,1,2
"1323",2011,1323,"Luxembourg","Mar","LUX",6.69821,23.0777,10.7,15,6.6,631.48,12.2,187,30,26,66,1,2
"1324",2011,1324,"Luxembourg","Apr","LUX",12.3184,23.5832,10.7,15,6.6,631.48,12.2,187,30,26,66,1,2
"1325",2011,1325,"Luxembourg","May","LUX",14.651,32.751,10.7,15,6.6,631.48,12.2,187,30,26,66,1,2
"1326",2011,1326,"Luxembourg","Jun","LUX",16.6171,93.6143,10.7,15,6.6,631.48,12.2,187,30,26,66,1,2
"1327",2011,1327,"Luxembourg","Jul","LUX",16.0087,75.0694,10.7,15,6.6,631.48,12.2,187,30,26,66,1,2
"1328",2011,1328,"Luxembourg","Aug","LUX",17.682,111.498,10.7,15,6.6,631.48,12.2,187,30,26,66,1,2
"1329",2011,1329,"Luxembourg","Sep","LUX",16.0633,54.5301,10.7,15,6.6,631.48,12.2,187,30,26,66,1,2
"1330",2011,1330,"Luxembourg","Oct","LUX",10.7171,45.7636,10.7,15,6.6,631.48,12.2,187,30,26,66,1,2
"1331",2011,1331,"Luxembourg","Nov","LUX",6.34149,8.84125,10.7,15,6.6,631.48,12.2,187,30,26,66,1,2
"1332",2011,1332,"Luxembourg","Dec","LUX",4.79551,192.318,10.7,15,6.6,631.48,12.2,187,30,26,66,1,2
"1333",2012,1333,"Luxembourg","Jan","LUX",3.30155,119.513,9.7,13.7,5.8,881.6,12.5,208,36,23,68,0,5
"1334",2012,1334,"Luxembourg","Feb","LUX",-1.1169,21.3643,9.7,13.7,5.8,881.6,12.5,208,36,23,68,0,5
"1335",2012,1335,"Luxembourg","Mar","LUX",8.12985,25.2583,9.7,13.7,5.8,881.6,12.5,208,36,23,68,0,5
"1336",2012,1336,"Luxembourg","Apr","LUX",8.10387,82.6027,9.7,13.7,5.8,881.6,12.5,208,36,23,68,0,5
"1337",2012,1337,"Luxembourg","May","LUX",14.3907,79.8312,9.7,13.7,5.8,881.6,12.5,208,36,23,68,0,5
"1338",2012,1338,"Luxembourg","Jun","LUX",15.4659,116.133,9.7,13.7,5.8,881.6,12.5,208,36,23,68,0,5
"1339",2012,1339,"Luxembourg","Jul","LUX",17.3168,125.402,9.7,13.7,5.8,881.6,12.5,208,36,23,68,0,5
"1340",2012,1340,"Luxembourg","Aug","LUX",19.2285,37.5485,9.7,13.7,5.8,881.6,12.5,208,36,23,68,0,5
"1341",2012,1341,"Luxembourg","Sep","LUX",14.1153,57.0128,9.7,13.7,5.8,881.6,12.5,208,36,23,68,0,5
"1342",2012,1342,"Luxembourg","Oct","LUX",9.99201,106.452,9.7,13.7,5.8,881.6,12.5,208,36,23,68,0,5
"1343",2012,1343,"Luxembourg","Nov","LUX",5.88838,72.0765,9.7,13.7,5.8,881.6,12.5,208,36,23,68,0,5
"1344",2012,1344,"Luxembourg","Dec","LUX",3.59066,162.823,9.7,13.7,5.8,881.6,12.5,208,36,23,68,0,5
"1345",2013,1345,"Luxembourg","Jan","LUX",0.89886,60.3746,9.1,12.9,5.6,679.46,12.5,186,54,26,59,0,2
"1346",2013,1346,"Luxembourg","Feb","LUX",0.09522,55.1912,9.1,12.9,5.6,679.46,12.5,186,54,26,59,0,2
"1347",2013,1347,"Luxembourg","Mar","LUX",2.04034,52.2103,9.1,12.9,5.6,679.46,12.5,186,54,26,59,0,2
"1348",2013,1348,"Luxembourg","Apr","LUX",8.53503,62.264,9.1,12.9,5.6,679.46,12.5,186,54,26,59,0,2
"1349",2013,1349,"Luxembourg","May","LUX",10.9543,135.956,9.1,12.9,5.6,679.46,12.5,186,54,26,59,0,2
"1350",2013,1350,"Luxembourg","Jun","LUX",15.7899,82.2972,9.1,12.9,5.6,679.46,12.5,186,54,26,59,0,2
"1351",2013,1351,"Luxembourg","Jul","LUX",20.1589,59.6794,9.1,12.9,5.6,679.46,12.5,186,54,26,59,0,2
"1352",2013,1352,"Luxembourg","Aug","LUX",18.3295,50.4612,9.1,12.9,5.6,679.46,12.5,186,54,26,59,0,2
"1353",2013,1353,"Luxembourg","Sep","LUX",14.3495,93.3569,9.1,12.9,5.6,679.46,12.5,186,54,26,59,0,2
"1354",2013,1354,"Luxembourg","Oct","LUX",11.867,125.987,9.1,12.9,5.6,679.46,12.5,186,54,26,59,0,2
"1355",2013,1355,"Luxembourg","Nov","LUX",5.09884,108.931,9.1,12.9,5.6,679.46,12.5,186,54,26,59,0,2
"1356",2013,1356,"Luxembourg","Dec","LUX",4.11488,72.8023,9.1,12.9,5.6,679.46,12.5,186,54,26,59,0,2
"1357",2014,1357,"Luxembourg","Jan","LUX",4.25069,75.7977,10.9,14.7,7.3,411.25,11.6,205,17,21,82,0,4
"1358",2014,1358,"Luxembourg","Feb","LUX",5.17801,69.3035,10.9,14.7,7.3,411.25,11.6,205,17,21,82,0,4
"1359",2014,1359,"Luxembourg","Mar","LUX",8.04664,15.1479,10.9,14.7,7.3,411.25,11.6,205,17,21,82,0,4
"1360",2014,1360,"Luxembourg","Apr","LUX",11.6234,27.1294,10.9,14.7,7.3,411.25,11.6,205,17,21,82,0,4
"1361",2014,1361,"Luxembourg","May","LUX",12.9543,77.2,10.9,14.7,7.3,411.25,11.6,205,17,21,82,0,4
"1362",2014,1362,"Luxembourg","Jun","LUX",16.9377,56.8853,10.9,14.7,7.3,411.25,11.6,205,17,21,82,0,4
"1363",2014,1363,"Luxembourg","Jul","LUX",19.1742,159.53,10.9,14.7,7.3,411.25,11.6,205,17,21,82,0,4
"1364",2014,1364,"Luxembourg","Aug","LUX",16.0025,145.023,10.9,14.7,7.3,411.25,11.6,205,17,21,82,0,4
"1365",2014,1365,"Luxembourg","Sep","LUX",15.7125,33.6241,10.9,14.7,7.3,411.25,11.6,205,17,21,82,0,4
"1366",2014,1366,"Luxembourg","Oct","LUX",12.7746,95.0324,10.9,14.7,7.3,411.25,11.6,205,17,21,82,0,4
"1367",2014,1367,"Luxembourg","Nov","LUX",7.30267,77.0269,10.9,14.7,7.3,411.25,11.6,205,17,21,82,0,4
"1368",2014,1368,"Luxembourg","Dec","LUX",3.5526,94.1147,10.9,14.7,7.3,411.25,11.6,205,17,21,82,0,4
"1369",2015,1369,"Luxembourg","Jan","LUX",2.30964,120.711,10.5,14.4,6.6,NA,12.7,196,29,17,77,0,6
"1370",2015,1370,"Luxembourg","Feb","LUX",1.88106,55.2269,10.5,14.4,6.6,NA,12.7,196,29,17,77,0,6
"1371",2015,1371,"Luxembourg","Mar","LUX",5.93104,53.7701,10.5,14.4,6.6,NA,12.7,196,29,17,77,0,6
"1372",2015,1372,"Luxembourg","Apr","LUX",9.54747,55.593,10.5,14.4,6.6,NA,12.7,196,29,17,77,0,6
"1373",2015,1373,"Luxembourg","May","LUX",12.8546,42.5004,10.5,14.4,6.6,NA,12.7,196,29,17,77,0,6
"1374",2015,1374,"Luxembourg","Jun","LUX",16.5326,53.1214,10.5,14.4,6.6,NA,12.7,196,29,17,77,0,6
"1375",2015,1375,"Luxembourg","Jul","LUX",19.8182,41.0026,10.5,14.4,6.6,NA,12.7,196,29,17,77,0,6
"1376",2015,1376,"Luxembourg","Aug","LUX",19.582,93.8447,10.5,14.4,6.6,NA,12.7,196,29,17,77,0,6
"1377",2015,1377,"Luxembourg","Sep","LUX",13.2546,101.82,10.5,14.4,6.6,NA,12.7,196,29,17,77,0,6
"1378",2015,1378,"Luxembourg","Oct","LUX",9.38744,38.7356,10.5,14.4,6.6,NA,12.7,196,29,17,77,0,6
"1379",2015,1379,"Luxembourg","Nov","LUX",8.34162,104.937,10.5,14.4,6.6,NA,12.7,196,29,17,77,0,6
"1380",2015,1380,"Luxembourg","Dec","LUX",7.26622,51.5583,10.5,14.4,6.6,NA,12.7,196,29,17,77,0,6
"1381",2016,1381,"Luxembourg","Jan","LUX",3.19032,118.308,9.9,13.8,6.2,NA,12.2,225,34,31,93,0,1
"1382",2016,1382,"Luxembourg","Feb","LUX",3.90896,110.351,9.9,13.8,6.2,NA,12.2,225,34,31,93,0,1
"1383",2016,1383,"Luxembourg","Mar","LUX",4.67132,75.4443,9.9,13.8,6.2,NA,12.2,225,34,31,93,0,1
"1384",2016,1384,"Luxembourg","Apr","LUX",8.18252,84.3408,9.9,13.8,6.2,NA,12.2,225,34,31,93,0,1
"1385",2016,1385,"Luxembourg","May","LUX",13.6914,104.821,9.9,13.8,6.2,NA,12.2,225,34,31,93,0,1
"1386",2016,1386,"Luxembourg","Jun","LUX",15.8611,150.492,9.9,13.8,6.2,NA,12.2,225,34,31,93,0,1
"1387",2016,1387,"Luxembourg","Jul","LUX",18.7906,74.8791,9.9,13.8,6.2,NA,12.2,225,34,31,93,0,1
"1388",2016,1388,"Luxembourg","Aug","LUX",18.4954,38.747,9.9,13.8,6.2,NA,12.2,225,34,31,93,0,1
"1389",2016,1389,"Luxembourg","Sep","LUX",17.5386,39.0024,9.9,13.8,6.2,NA,12.2,225,34,31,93,0,1
"1390",2016,1390,"Luxembourg","Oct","LUX",9.31176,56.7795,9.9,13.8,6.2,NA,12.2,225,34,31,93,0,1
"1391",2016,1391,"Luxembourg","Nov","LUX",6.08297,80.0568,9.9,13.8,6.2,NA,12.2,225,34,31,93,0,1
"1392",2016,1392,"Luxembourg","Dec","LUX",2.62367,18.7498,9.9,13.8,6.2,NA,12.2,225,34,31,93,0,1
